	Geneid	log2(fc)	logCPM	pvalue	FDR
1	OTU17	8.55397312380293	12.9378997881042	2.72241157439188e-48	3.25328183139829e-45
2	OTU12	8.12123058679638	12.5319038130236	1.13305945246281e-39	6.77003022846529e-37
3	OTU24	-3.43206213300095	14.0416861842275	2.68105355394128e-37	1.06795299898661e-34
4	OTU10	2.83954399876118	14.5913304116419	2.84651915925451e-34	8.50397598827285e-32
5	OTU4	-2.3882197051097	16.8937041880528	7.98056140349099e-32	1.90735417543435e-29
6	OTU2	2.17904752876459	17.1673791090447	5.32810373143944e-28	1.06118065984502e-25
7	OTU16	-2.18780283682688	13.5787401687607	3.04929485578349e-17	5.20558193237324e-15
8	OTU8	1.82353767337792	14.6951605096032	6.30245713569061e-17	9.41429534643785e-15
9	OTU25	2.35392165971496	12.8435862154939	7.11128905769287e-17	9.44221158215887e-15
10	OTU40	3.25640959571657	11.5938444905629	1.65740543769624e-14	1.98059949804701e-12
11	OTU33	-2.7241726347376	12.3686269262421	2.03443340983683e-14	2.21013447705001e-12
12	OTU1	1.44621456081212	17.2507876337229	9.22515003788598e-14	9.18671191272812e-12
13	OTU949	4.56128971543031	11.0558525556511	1.24441862837965e-13	1.14390789301053e-11
14	OTU6	5.02454348448604	10.9347314399343	3.65903787438891e-13	3.05676254164493e-11
15	OTU15	1.85733666521135	13.2982589892982	3.83694042884301e-13	3.05676254164493e-11
16	OTU115	6.13018651775642	10.8998767626876	6.28828664640488e-13	4.69656408903364e-11
17	OTU22	1.97707428892534	12.762199716631	2.48424675722513e-12	1.74627933816708e-10
18	OTU3	1.36145250954761	15.6209804107549	1.68296726746034e-11	1.0880755499723e-09
19	OTU13	-1.50958553117926	14.3526395484409	1.72999459828232e-11	1.0880755499723e-09
20	OTU19	1.56470521293736	13.5570214462693	1.56825550311646e-10	9.37032663112087e-09
21	OTU34	-2.47749292988656	11.9758459519847	1.76723205073933e-10	1.00563919077786e-08
22	OTU18	1.67586525328777	12.9028190859283	7.12208468908087e-10	3.86858691065984e-08
23	OTU5	1.20426238982162	16.0701071897006	1.33849396792233e-09	6.95434909420513e-08
24	OTU26	1.98977552314352	12.0915551220061	2.49642823231911e-09	1.24301322400889e-07
25	OTU43	-1.90332977363069	12.2832507570997	3.11481136161305e-09	1.48887983085104e-07
26	OTU98	-2.96509797214461	11.3349595170598	6.83738679034724e-09	3.14256815940959e-07
27	OTU47	-2.5600436122972	11.4652908669558	1.79858404991201e-08	7.96039977646242e-07
28	OTU97	5.40915617661816	10.4524782855967	3.06879443495648e-08	1.30971762491893e-06
29	OTU21	-1.36116095401965	13.3760963535098	3.20190153817106e-08	1.31940425452221e-06
30	OTU14	-1.17378705076338	14.8473697718865	3.84986046778449e-08	1.53352775300082e-06
31	OTU76	3.1228520203683	10.6614014850346	1.18805269561788e-07	4.5797515202044e-06
32	OTU74	5.24385599748393	10.362964160219	1.85595899618128e-07	6.93084687636446e-06
33	OTU92	3.68244181940952	10.5108262760472	2.36188027773466e-07	8.55286949058461e-06
34	OTU103	4.99104497263682	10.2355708642726	2.13729202135448e-06	7.51195283976061e-05
35	OTU55	-1.58110963422879	12.1989507811948	2.22041990300202e-06	7.58114795453548e-05
36	OTU96	-1.90557957331022	11.6430129943619	2.60766781763683e-06	8.65600845021116e-05
37	OTU11	1.24318022689568	12.71190732255	4.70622204296407e-06	0.000151998252468704
38	OTU35	-1.4674971582423	12.2359316941869	5.55361315238291e-06	0.000174646518870989
39	OTU124	4.77106193205588	10.1342235030331	1.38272164146621e-05	0.000423680092705672
40	OTU45	-1.90374700006514	11.4215451705558	1.60633456263566e-05	0.000479892450587404
41	OTU102	4.67947662963532	10.0944857865281	2.59386468508625e-05	0.000720853092715831
42	OTU148	4.60178664645733	10.0623090747317	2.59386468508625e-05	0.000720853092715831
43	OTU235	-4.42246041054303	10.1228670637917	2.59386468508625e-05	0.000720853092715831
44	OTU677	2.7326690185785	10.4781443054335	3.95423686541674e-05	0.00107393478503932
45	OTU1270	-1.47870839997684	11.9345076926341	4.39821347278785e-05	0.00116797002221811
46	OTU53	4.49429753142954	10.0186391647808	9.22262999141777e-05	0.00239587887820527
47	OTU36	-1.23528064126124	12.0014180185627	9.82722116434836e-05	0.00249862325348857
48	OTU28	1.48079138636321	11.3824898442263	0.000147507432942667	0.00367232046596849
49	OTU52	-1.83970659046875	11.1187643718626	0.000167386778318173	0.00408218775694319
50	OTU108	4.39258812332287	9.97947051354148	0.000174817016255233	0.00417812668850006
51	OTU2046	-1.24551417566602	11.9093402961762	0.00020666178425157	0.00484236925844365
52	OTU164	-2.76779794913134	10.354060864022	0.000218961882601523	0.00503191249440039
53	OTU54	-1.49243784526012	11.5163681593755	0.000245902510278937	0.00554440565628924
54	OTU48	-1.79682432675691	11.0988610263522	0.000341498824478028	0.00755724250465265
55	OTU238	-4.02974464662832	9.96308450600283	0.000634861795874267	0.0135474972512455
56	OTU228	-4.03450992130016	9.96555501601232	0.000634861795874267	0.0135474972512455
57	OTU336	-1.58112771068373	11.0518165815743	0.000690713865023149	0.0144807555912748
58	OTU66	-2.0624464002653	10.6305507989229	0.000714763919366423	0.0147266014421185
59	OTU178	-1.74598653609357	10.8530333889232	0.00074635350007569	0.0151168208913635
60	OTU31	-1.42342832704821	11.4149827697181	0.000820893602944653	0.0163494642586477
61	OTU57	-1.73228024601815	10.9604270096873	0.00102308915509722	0.0200424842678882
62	OTU283	-3.81883605353412	9.89140278907951	0.0012164145859881	0.0223633143116273
63	OTU208	-3.8214417748652	9.89277597341969	0.0012164145859881	0.0223633143116273
64	OTU242	-3.82317975615953	9.89369594788012	0.0012164145859881	0.0223633143116273
65	OTU129	-4.01992240626543	9.95797013795914	0.0012164145859881	0.0223633143116273
66	OTU168	2.33171387244403	10.2934709904379	0.00136692435018305	0.0247496151283142
67	OTU116	-1.70110507418184	10.9407968805409	0.00146058203496708	0.0260506795788905
68	OTU317	-3.69122626810829	9.84997747779596	0.00233925881920788	0.0411090336610797
69	OTU51	-1.77181883934881	10.6256621946169	0.00377661455364425	0.065406585385578
70	OTU182	3.89119063562203	9.81064035870034	0.00451531353475009	0.0749416621392549
71	OTU254	1.12669856994147	11.4607215898173	0.0044419377943738	0.0749416621392549
72	OTU162	-3.67563915327073	9.84191063815012	0.00451531353475009	0.0749416621392549
73	OTU41	1.37932372473128	11.0292350869171	0.00545171682587647	0.0892438576290737
74	OTU56	-1.90157437092601	10.5550272341097	0.00562150282065618	0.090779673928164
75	OTU628	2.32515523329798	10.1351545019852	0.00603838366725894	0.0962115797649924
76	OTU84	-1.84060155688553	10.3594243567476	0.00622704805804178	0.0966405510306484
77	OTU255	-1.91225977544565	10.3981022804927	0.00615825974497615	0.0966405510306484
78	OTU112	3.73505985222365	9.76612896636843	0.0087484199735783	0.130679523355326
79	OTU142	3.73505985222365	9.76612896636843	0.0087484199735783	0.130679523355326
80	OTU154	-3.39116639926758	9.76054355586432	0.0087484199735783	0.130679523355326
81	OTU273	-2.45157200372439	9.92130240923623	0.0135677011514057	0.197724425316217
82	OTU1591	-2.45766246749605	9.924655650824	0.0135677011514057	0.197724425316217
83	OTU64	-1.3158261808176	10.8396649116575	0.0141272404097613	0.203398220357406
84	OTU38	-1.98485262570098	10.2473860125532	0.0154176990947486	0.219335124026483
85	OTU2260	-1.37889010652391	10.5647986066504	0.016110273177864	0.223857865669156
86	OTU147	-1.41907339753639	10.5813408667675	0.016110273177864	0.223857865669156
87	OTU389	3.557929296656	9.71952691439439	0.0170146435706602	0.225916656299321
88	OTU1401	3.35900730253814	9.67273247278924	0.0170146435706602	0.225916656299321
89	OTU291	-3.37252727278583	9.75092684468317	0.0170146435706602	0.225916656299321
90	OTU266	-3.37265423399636	9.75106568122137	0.0170146435706602	0.225916656299321
91	OTU94	-1.6113513305924	10.4125961218266	0.0199939672564322	0.262558141444357
92	OTU27	-0.68377701170276	12.2377385214561	0.0228495718108127	0.296796068629579
93	OTU166	-1.56620959180581	10.2489025290059	0.0240327740059242	0.308808225129886
94	OTU191	-1.89521101622389	10.0018414906654	0.0260431801258477	0.327595792109347
95	OTU78	-1.99227687880007	10.0345895714957	0.0260431801258477	0.327595792109347
96	OTU200	3.36012299843763	9.6731825536257	0.0332190660189079	0.385405668860145
97	OTU651	3.36012299843763	9.6731825536257	0.0332190660189079	0.385405668860145
98	OTU128	3.35267285774909	9.67005619428098	0.0332190660189079	0.385405668860145
99	OTU1222	-3.01681880128693	9.66623056342437	0.0332190660189079	0.385405668860145
100	OTU206	-3.19339942010955	9.70272217416797	0.0332190660189079	0.385405668860145
101	OTU195	-3.19581340777386	9.70390742052584	0.0332190660189079	0.385405668860145
102	OTU351	-3.19930763282213	9.70574459391879	0.0332190660189079	0.385405668860145
103	OTU253	-3.21088767733266	9.71165366529993	0.0332190660189079	0.385405668860145
104	OTU93	-1.3384463095262	10.4274467436243	0.0378498614787642	0.434909466030031
105	OTU59	-0.872524802743471	11.2234867680918	0.0382144323088347	0.434916634371976
106	OTU73	1.67135300855873	10.0476703542221	0.040818867695637	0.460174970719681
107	OTU153	-2.19808186108143	9.84725803662323	0.0426132714842041	0.475914574052559
108	OTU159	-1.7841838018589	9.97062051588787	0.043338730522233	0.479535027537671
109	OTU81	-1.08642774790906	10.5371215274433	0.0559600366400354	0.613506823714149
110	OTU223	3.12091675914644	9.62169349029353	0.0651093693970597	0.62746529378618
111	OTU126	-1.34155069598816	10.306734616288	0.0633033475731797	0.62746529378618
112	OTU163	-1.89831757766455	10.0084430720986	0.0645536941836753	0.62746529378618
113	OTU460	-1.90204880180354	10.0111322526107	0.0645536941836753	0.62746529378618
114	OTU145	-1.99337854354494	10.039344001982	0.0645536941836753	0.62746529378618
115	OTU366	-2.7862693457307	9.61646474577895	0.0651093693970597	0.62746529378618
116	OTU622	-2.78681973094143	9.61674755262999	0.0651093693970597	0.62746529378618
117	OTU179	-2.78738894417112	9.61704725059808	0.0651093693970597	0.62746529378618
118	OTU430	-2.78919660916031	9.61797792932066	0.0651093693970597	0.62746529378618
119	OTU532	-2.79094991118453	9.61890016589631	0.0651093693970597	0.62746529378618
120	OTU180	-2.79305450533502	9.619996080664	0.0651093693970597	0.62746529378618
121	OTU299	-2.98867280119188	9.65191320916951	0.0651093693970597	0.62746529378618
122	OTU199	-3.00360928757267	9.65949316967178	0.0651093693970597	0.62746529378618
123	OTU243	-3.00713566009172	9.66134018407249	0.0651093693970597	0.62746529378618
124	OTU211	-3.01373169130285	9.66470075027023	0.0651093693970597	0.62746529378618
125	OTU63	1.56456964001436	9.89296823559641	0.0714942776791394	0.678060808147394
126	OTU100	-1.76260670231935	9.95854546945748	0.0714942776791394	0.678060808147394
127	OTU122	-1.2629921579724	10.2696570956127	0.07398735016998	0.696180184670285
128	OTU332	-2.04117446270948	9.80162476682382	0.0748782087502333	0.699058277004131
129	OTU136	-1.53691162378293	10.0806380654174	0.0865433128417112	0.795532760352653
130	OTU127	-1.55141971170414	10.0854772518097	0.0865433128417112	0.795532760352653
131	OTU2207	1.03312672590056	10.2597122077325	0.0912966281201033	0.832820386286438
132	OTU39	1.38044260962653	9.97261438802831	0.100990565176851	0.907396431476218
133	OTU140	-1.31373441615233	10.0056913814658	0.100990565176851	0.907396431476218
134	OTU281	2.84281454234002	9.57143050711242	0.128118436555504	0.944742380888072
135	OTU284	2.84281454234002	9.57143050711242	0.128118436555504	0.944742380888072
136	OTU429	2.84281454234002	9.57143050711242	0.128118436555504	0.944742380888072
137	OTU538	2.84281454234002	9.57143050711242	0.128118436555504	0.944742380888072
138	OTU657	2.84281454234002	9.57143050711242	0.128118436555504	0.944742380888072
139	OTU524	2.84210387443367	9.57113467843359	0.128118436555504	0.944742380888072
140	OTU908	2.84142554338327	9.57088323730155	0.128118436555504	0.944742380888072
141	OTU151	2.83997381502639	9.57024750112234	0.128118436555504	0.944742380888072
142	OTU152	2.83997381502639	9.57024750112234	0.128118436555504	0.944742380888072
143	OTU276	2.83997381502639	9.57024750112234	0.128118436555504	0.944742380888072
144	OTU90	2.8352882835464	9.56831602594202	0.128118436555504	0.944742380888072
145	OTU415	2.50168768280892	9.52156885609706	0.128118436555504	0.944742380888072
146	OTU113	2.49632939718036	9.51934168441959	0.128118436555504	0.944742380888072
147	OTU579	2.49578037355283	9.51908330576699	0.128118436555504	0.944742380888072
148	OTU125	2.00780997502318	9.67363537091837	0.130445600708395	0.944742380888072
149	OTU1676	1.99815959572796	9.67154997696886	0.130445600708395	0.944742380888072
150	OTU1516	-1.67408507849149	9.71557087922997	0.130445600708395	0.944742380888072
151	OTU194	-1.85732497163026	9.75738491217473	0.130445600708395	0.944742380888072
152	OTU245	-1.86613967255845	9.75845765020648	0.130445600708395	0.944742380888072
153	OTU165	-1.86684378798987	9.75900124663213	0.130445600708395	0.944742380888072
154	OTU295	-2.51149449532015	9.56434177732546	0.128118436555504	0.944742380888072
155	OTU343	-2.51170981727352	9.56435842184275	0.128118436555504	0.944742380888072
156	OTU309	-2.51206509228366	9.56464223585974	0.128118436555504	0.944742380888072
157	OTU123	-2.51552843109906	9.56633471072166	0.128118436555504	0.944742380888072
158	OTU504	-2.51671530620235	9.56695873299754	0.128118436555504	0.944742380888072
159	OTU298	-2.51821286603584	9.56773468961315	0.128118436555504	0.944742380888072
160	OTU655	-2.76708770293082	9.60681601176522	0.128118436555504	0.944742380888072
161	OTU1948	-2.77329840154029	9.6098844590984	0.128118436555504	0.944742380888072
162	OTU349	-2.77559253451891	9.61107724555902	0.128118436555504	0.944742380888072
163	OTU350	-2.77559253451891	9.61107724555902	0.128118436555504	0.944742380888072
164	OTU416	-2.77988466058457	9.61322675624123	0.128118436555504	0.944742380888072
165	OTU239	-2.78243043239491	9.61446553923895	0.128118436555504	0.944742380888072
166	OTU219	2.49283540107264	9.51784198258886	0.253112033195021	1
167	OTU247	2.49283540107264	9.51784198258886	0.253112033195021	1
168	OTU256	2.49283540107264	9.51784198258886	0.253112033195021	1
169	OTU272	2.49283540107264	9.51784198258886	0.253112033195021	1
170	OTU883	2.49283540107264	9.51784198258886	0.253112033195021	1
171	OTU952	2.49283540107264	9.51784198258886	0.253112033195021	1
172	OTU1244	2.49283540107264	9.51784198258886	0.253112033195021	1
173	OTU292	2.49271360284428	9.5178198054711	0.253112033195021	1
174	OTU1904	2.49271360284428	9.5178198054711	0.253112033195021	1
175	OTU203	2.49068822371006	9.51695280898397	0.253112033195021	1
176	OTU418	2.49068822371006	9.51695280898397	0.253112033195021	1
177	OTU133	2.49045212561586	9.51685708126749	0.253112033195021	1
178	OTU1600	2.48934887814756	9.51640273346333	0.253112033195021	1
179	OTU20	2.48891412935968	9.51622850712094	0.253112033195021	1
180	OTU1231	2.48824641990927	9.51594850539411	0.253112033195021	1
181	OTU400	2.48566910033693	9.51489631920992	0.253112033195021	1
182	OTU912	2.03614174059409	9.46475070279302	0.502074688796679	1
183	OTU645	2.03274513089687	9.46332973152639	0.502074688796679	1
184	OTU685	2.03274513089687	9.46332973152639	0.502074688796679	1
185	OTU196	2.03245273312587	9.46320976641002	0.502074688796679	1
186	OTU106	2.03162892835451	9.46287373839097	0.502074688796679	1
187	OTU261	2.03075750203822	9.46252140621533	0.502074688796679	1
188	OTU322	2.0302155334955	9.4622643686144	0.502074688796679	1
189	OTU491	2.0302155334955	9.4622643686144	0.502074688796679	1
190	OTU505	2.0302155334955	9.4622643686144	0.502074688796679	1
191	OTU625	2.0302155334955	9.4622643686144	0.502074688796679	1
192	OTU765	2.0302155334955	9.4622643686144	0.502074688796679	1
193	OTU1010	2.0302155334955	9.4622643686144	0.502074688796679	1
194	OTU1017	2.0302155334955	9.4622643686144	0.502074688796679	1
195	OTU1227	2.0302155334955	9.4622643686144	0.502074688796679	1
196	OTU1232	2.0302155334955	9.4622643686144	0.502074688796679	1
197	OTU1314	2.0302155334955	9.4622643686144	0.502074688796679	1
198	OTU1405	2.0302155334955	9.4622643686144	0.502074688796679	1
199	OTU1497	2.0302155334955	9.4622643686144	0.502074688796679	1
200	OTU1575	2.0302155334955	9.4622643686144	0.502074688796679	1
201	OTU1876	2.0302155334955	9.4622643686144	0.502074688796679	1
202	OTU2031	2.0302155334955	9.4622643686144	0.502074688796679	1
203	OTU2130	2.0302155334955	9.4622643686144	0.502074688796679	1
204	OTU2060	2.02978583220079	9.46208718654666	0.502074688796679	1
205	OTU443	2.02935625356255	9.46191002325986	0.502074688796679	1
206	OTU776	2.02935625356255	9.46191002325986	0.502074688796679	1
207	OTU143	2.02906451613641	9.46179016179338	0.502074688796679	1
208	OTU237	2.02877283510326	9.46167030882675	0.502074688796679	1
209	OTU342	2.02877283510326	9.46167030882675	0.502074688796679	1
210	OTU406	2.02877283510326	9.46167030882675	0.502074688796679	1
211	OTU663	2.02877283510326	9.46167030882675	0.502074688796679	1
212	OTU1298	2.02877283510326	9.46167030882675	0.502074688796679	1
213	OTU1895	2.02877283510326	9.46167030882675	0.502074688796679	1
214	OTU368	2.0282425673358	9.46145442163922	0.502074688796679	1
215	OTU1083	2.0282425673358	9.46145442163922	0.502074688796679	1
216	OTU1578	2.02712969997322	9.46099894124773	0.502074688796679	1
217	OTU189	2.02626086625549	9.46064699921524	0.502074688796679	1
218	OTU249	2.02539252734721	9.46029512729872	0.502074688796679	1
219	OTU394	2.02539252734721	9.46029512729872	0.502074688796679	1
220	OTU205	1.99839017273851	9.67104693316155	0.224560886287818	1
221	OTU293	1.71989087475322	9.62066464654284	0.380154705189284	1
222	OTU240	1.71964196134052	9.62056455747282	0.380154705189284	1
223	OTU1739	1.71741910823156	9.61990282571346	0.380154705189284	1
224	OTU183	1.37566678780219	9.71252063345776	0.224560886287818	1
225	OTU82	1.37543316732007	9.71216846746293	0.224560886287818	1
226	OTU305	1.37354621415432	9.57270960339156	0.380154705189284	1
227	OTU107	1.3729971088893	9.71733528063291	0.459849100236376	1
228	OTU244	1.37172926036124	9.71844905785948	0.459849100236376	1
229	OTU114	1.3657154656287	9.5694172434232	0.628092823113571	1
230	OTU225	1.3487704173724	9.40578622005539	1	1
231	OTU357	1.3487704173724	9.40578622005539	1	1
232	OTU428	1.3487704173724	9.40578622005539	1	1
233	OTU557	1.3487704173724	9.40578622005539	1	1
234	OTU571	1.3487704173724	9.40578622005539	1	1
235	OTU793	1.3487704173724	9.40578622005539	1	1
236	OTU897	1.3487704173724	9.40578622005539	1	1
237	OTU1311	1.3487704173724	9.40578622005539	1	1
238	OTU1997	1.3487704173724	9.40578622005539	1	1
239	OTU2065	1.3487704173724	9.40578622005539	1	1
240	OTU2091	1.3487704173724	9.40578622005539	1	1
241	OTU2148	1.3487704173724	9.40578622005539	1	1
242	OTU2247	1.3487704173724	9.40578622005539	1	1
243	OTU230	1.34579499518687	9.40454219897115	1	1
244	OTU401	1.34579499518687	9.40454219897115	1	1
245	OTU413	1.34579499518687	9.40454219897115	1	1
246	OTU436	1.34579499518687	9.40454219897115	1	1
247	OTU454	1.34579499518687	9.40454219897115	1	1
248	OTU542	1.34579499518687	9.40454219897115	1	1
249	OTU606	1.34579499518687	9.40454219897115	1	1
250	OTU609	1.34579499518687	9.40454219897115	1	1
251	OTU619	1.34579499518687	9.40454219897115	1	1
252	OTU684	1.34579499518687	9.40454219897115	1	1
253	OTU732	1.34579499518687	9.40454219897115	1	1
254	OTU795	1.34579499518687	9.40454219897115	1	1
255	OTU857	1.34579499518687	9.40454219897115	1	1
256	OTU866	1.34579499518687	9.40454219897115	1	1
257	OTU890	1.34579499518687	9.40454219897115	1	1
258	OTU902	1.34579499518687	9.40454219897115	1	1
259	OTU921	1.34579499518687	9.40454219897115	1	1
260	OTU931	1.34579499518687	9.40454219897115	1	1
261	OTU951	1.34579499518687	9.40454219897115	1	1
262	OTU959	1.34579499518687	9.40454219897115	1	1
263	OTU1004	1.34579499518687	9.40454219897115	1	1
264	OTU1006	1.34579499518687	9.40454219897115	1	1
265	OTU1029	1.34579499518687	9.40454219897115	1	1
266	OTU1033	1.34579499518687	9.40454219897115	1	1
267	OTU1081	1.34579499518687	9.40454219897115	1	1
268	OTU1097	1.34579499518687	9.40454219897115	1	1
269	OTU1107	1.34579499518687	9.40454219897115	1	1
270	OTU1174	1.34579499518687	9.40454219897115	1	1
271	OTU1248	1.34579499518687	9.40454219897115	1	1
272	OTU1293	1.34579499518687	9.40454219897115	1	1
273	OTU1294	1.34579499518687	9.40454219897115	1	1
274	OTU1327	1.34579499518687	9.40454219897115	1	1
275	OTU1422	1.34579499518687	9.40454219897115	1	1
276	OTU1450	1.34579499518687	9.40454219897115	1	1
277	OTU1462	1.34579499518687	9.40454219897115	1	1
278	OTU1518	1.34579499518687	9.40454219897115	1	1
279	OTU1547	1.34579499518687	9.40454219897115	1	1
280	OTU1563	1.34579499518687	9.40454219897115	1	1
281	OTU1623	1.34579499518687	9.40454219897115	1	1
282	OTU1632	1.34579499518687	9.40454219897115	1	1
283	OTU1633	1.34579499518687	9.40454219897115	1	1
284	OTU1690	1.34579499518687	9.40454219897115	1	1
285	OTU1711	1.34579499518687	9.40454219897115	1	1
286	OTU1752	1.34579499518687	9.40454219897115	1	1
287	OTU1764	1.34579499518687	9.40454219897115	1	1
288	OTU1872	1.34579499518687	9.40454219897115	1	1
289	OTU1881	1.34579499518687	9.40454219897115	1	1
290	OTU1885	1.34579499518687	9.40454219897115	1	1
291	OTU1933	1.34579499518687	9.40454219897115	1	1
292	OTU2040	1.34579499518687	9.40454219897115	1	1
293	OTU2054	1.34579499518687	9.40454219897115	1	1
294	OTU2059	1.34579499518687	9.40454219897115	1	1
295	OTU2076	1.34579499518687	9.40454219897115	1	1
296	OTU2087	1.34579499518687	9.40454219897115	1	1
297	OTU2131	1.34579499518687	9.40454219897115	1	1
298	OTU2136	1.34579499518687	9.40454219897115	1	1
299	OTU2273	1.34579499518687	9.40454219897115	1	1
300	OTU2289	1.34579499518687	9.40454219897115	1	1
301	OTU2298	1.34579499518687	9.40454219897115	1	1
302	OTU174	1.34536208496327	9.40436466578152	1	1
303	OTU193	1.34536208496327	9.40436466578152	1	1
304	OTU227	1.34536208496327	9.40436466578152	1	1
305	OTU327	1.34536208496327	9.40436466578152	1	1
306	OTU361	1.34536208496327	9.40436466578152	1	1
307	OTU367	1.34536208496327	9.40436466578152	1	1
308	OTU386	1.34536208496327	9.40436466578152	1	1
309	OTU388	1.34536208496327	9.40436466578152	1	1
310	OTU431	1.34536208496327	9.40436466578152	1	1
311	OTU456	1.34536208496327	9.40436466578152	1	1
312	OTU499	1.34536208496327	9.40436466578152	1	1
313	OTU534	1.34536208496327	9.40436466578152	1	1
314	OTU536	1.34536208496327	9.40436466578152	1	1
315	OTU821	1.34536208496327	9.40436466578152	1	1
316	OTU827	1.34536208496327	9.40436466578152	1	1
317	OTU860	1.34536208496327	9.40436466578152	1	1
318	OTU893	1.34536208496327	9.40436466578152	1	1
319	OTU1036	1.34536208496327	9.40436466578152	1	1
320	OTU1131	1.34536208496327	9.40436466578152	1	1
321	OTU1162	1.34536208496327	9.40436466578152	1	1
322	OTU1216	1.34536208496327	9.40436466578152	1	1
323	OTU1515	1.34536208496327	9.40436466578152	1	1
324	OTU1527	1.34536208496327	9.40436466578152	1	1
325	OTU1529	1.34536208496327	9.40436466578152	1	1
326	OTU1635	1.34536208496327	9.40436466578152	1	1
327	OTU1841	1.34536208496327	9.40436466578152	1	1
328	OTU1945	1.34536208496327	9.40436466578152	1	1
329	OTU1984	1.34536208496327	9.40436466578152	1	1
330	OTU2034	1.34536208496327	9.40436466578152	1	1
331	OTU2278	1.34536208496327	9.40436466578152	1	1
332	OTU2290	1.34536208496327	9.40436466578152	1	1
333	OTU157	1.34506794171068	9.40424453148335	1	1
334	OTU398	1.34506794171068	9.40424453148335	1	1
335	OTU410	1.34506794171068	9.40424453148335	1	1
336	OTU425	1.34506794171068	9.40424453148335	1	1
337	OTU548	1.34506794171068	9.40424453148335	1	1
338	OTU555	1.34506794171068	9.40424453148335	1	1
339	OTU583	1.34506794171068	9.40424453148335	1	1
340	OTU593	1.34506794171068	9.40424453148335	1	1
341	OTU607	1.34506794171068	9.40424453148335	1	1
342	OTU671	1.34506794171068	9.40424453148335	1	1
343	OTU672	1.34506794171068	9.40424453148335	1	1
344	OTU739	1.34506794171068	9.40424453148335	1	1
345	OTU814	1.34506794171068	9.40424453148335	1	1
346	OTU1042	1.34506794171068	9.40424453148335	1	1
347	OTU1050	1.34506794171068	9.40424453148335	1	1
348	OTU1054	1.34506794171068	9.40424453148335	1	1
349	OTU1132	1.34506794171068	9.40424453148335	1	1
350	OTU1197	1.34506794171068	9.40424453148335	1	1
351	OTU1396	1.34506794171068	9.40424453148335	1	1
352	OTU1499	1.34506794171068	9.40424453148335	1	1
353	OTU1636	1.34506794171068	9.40424453148335	1	1
354	OTU2258	1.34506794171068	9.40424453148335	1	1
355	OTU188	1.34423859145346	9.4039079301277	1	1
356	OTU250	1.34423859145346	9.4039079301277	1	1
357	OTU465	1.34423859145346	9.4039079301277	1	1
358	OTU489	1.34423859145346	9.4039079301277	1	1
359	OTU558	1.34423859145346	9.4039079301277	1	1
360	OTU585	1.34423859145346	9.4039079301277	1	1
361	OTU703	1.34423859145346	9.4039079301277	1	1
362	OTU904	1.34423859145346	9.4039079301277	1	1
363	OTU917	1.34423859145346	9.4039079301277	1	1
364	OTU992	1.34423859145346	9.4039079301277	1	1
365	OTU1537	1.34423859145346	9.4039079301277	1	1
366	OTU1696	1.34423859145346	9.4039079301277	1	1
367	OTU1855	1.34423859145346	9.4039079301277	1	1
368	OTU1971	1.34423859145346	9.4039079301277	1	1
369	OTU226	1.34336029054855	9.40355483937027	1	1
370	OTU277	1.34336029054855	9.40355483937027	1	1
371	OTU315	1.34336029054855	9.40355483937027	1	1
372	OTU321	1.34336029054855	9.40355483937027	1	1
373	OTU498	1.34336029054855	9.40355483937027	1	1
374	OTU511	1.34336029054855	9.40355483937027	1	1
375	OTU807	1.34336029054855	9.40355483937027	1	1
376	OTU891	1.34336029054855	9.40355483937027	1	1
377	OTU1502	1.34336029054855	9.40355483937027	1	1
378	OTU1834	1.34336029054855	9.40355483937027	1	1
379	OTU1860	1.34336029054855	9.40355483937027	1	1
380	OTU1896	1.34336029054855	9.40355483937027	1	1
381	OTU87	1.10024723907738	9.66670321383957	0.380154705189284	1
382	OTU278	1.09288955211654	9.66956794375339	0.691342342992215	1
383	OTU67	1.04418517437236	9.88757562753468	0.353794985718618	1
384	OTU181	0.946596111280148	9.75765724881609	0.459849100236376	1
385	OTU60	0.945196054166664	9.97450274594344	0.279644215589126	1
386	OTU104	0.940586824441495	9.75934928123497	0.459849100236376	1
387	OTU2302	0.910938535187385	9.51711694247492	1	1
388	OTU312	0.909243304099738	9.51643107959696	1	1
389	OTU502	0.909243304099738	9.51643107959696	1	1
390	OTU678	0.908804948252603	9.51821479552518	1	1
391	OTU378	0.908263253654164	9.51573416960665	1	1
392	OTU202	0.90672836939732	9.5153658484968	1	1
393	OTU1400	0.905708468689289	9.51691694860832	1	1
394	OTU433	0.90322259442712	9.51534046436293	1	1
395	OTU790	0.874651245158054	10.2898734305958	0.151282229292082	1
396	OTU88	0.831130009761383	10.1181519080348	0.349025479153853	1
397	OTU1653	0.745761208933485	9.61674650704206	1	1
398	OTU777	0.611538893312223	10.2881485166187	0.541682757631828	1
399	OTU1308	0.573690471229232	9.89237101213008	0.557962066459476	1
400	OTU1213	0.556786287206085	10.572956013854	0.406935107462255	1
401	OTU218	0.507662671828108	10.1215177639632	0.640861146188268	1
402	OTU68	0.503293305337888	10.2531516807509	0.520577517398082	1
403	OTU29	0.424171674104294	11.6770525900858	0.303805777507858	1
404	OTU1564	0.381668689942021	10.3469161369094	0.560480792450961	1
405	OTU86	0.355496870539334	10.0925845974079	0.809867665629083	1
406	OTU91	0.351885611335336	9.93064425904767	0.77986158688221	1
407	OTU177	0.351475846256756	10.0104722600347	0.796393720673664	1
408	OTU173	0.339957367321409	9.85252485182815	0.758888399886987	1
409	OTU260	0.330875949026189	9.85364787027469	0.999999999999999	1
410	OTU231	0.327319598135102	9.7618650636937	1	1
411	OTU99	0.32384364397308	9.75816596558559	1	1
412	OTU80	0.31723066170427	9.66745653901777	0.691342342992215	1
413	OTU300	0.315347434362961	9.6674804280923	1	1
414	OTU201	0.310124324041841	9.66589629060676	1	1
415	OTU156	0.30511535175567	9.66835284859954	1	1
416	OTU32	0.293984705750208	11.5722602843465	0.462836365734424	1
417	OTU190	0.285727532391571	9.56781990200985	1	1
418	OTU445	0.284868252458629	9.56746769508908	1	1
419	OTU252	0.282953842750668	9.56493068842719	1	1
420	OTU372	0.277864911536289	9.56901641730756	1	1
421	OTU644	0.228625132478062	9.45807624018247	1	1
422	OTU697	0.228330989225475	9.45795663133261	1	1
423	OTU314	0.227501638968251	9.45762159217547	1	1
424	OTU501	0.227501638968251	9.45762159217547	1	1
425	OTU690	0.227501638968251	9.45762159217547	1	1
426	OTU1441	0.227501638968251	9.45762159217547	1	1
427	OTU1352	0.227256219433917	9.46183215330572	1	1
428	OTU675	0.226623338063337	9.45727028251665	1	1
429	OTU693	0.226623338063337	9.45727028251665	1	1
430	OTU903	0.226623338063337	9.45727028251665	1	1
431	OTU248	0.225137004853543	9.46292627599437	1	1
432	OTU23	0.224131327011125	9.4602702088915	1	1
433	OTU971	0.224131327011125	9.4602702088915	1	1
434	OTU1708	0.224131327011125	9.4602702088915	1	1
435	OTU451	0.223847887024787	9.46041370581797	1	1
436	OTU480	0.223847887024787	9.46041370581797	1	1
437	OTU268	0.2235537437722	9.46029394766927	1	1
438	OTU320	0.223007833501313	9.45981503360734	1	1
439	OTU444	0.223007833501313	9.45981503360734	1	1
440	OTU895	0.223007833501313	9.45981503360734	1	1
441	OTU1341	0.223007833501313	9.45981503360734	1	1
442	OTU556	0.222724393514976	9.45995849432978	1	1
443	OTU577	0.222724393514976	9.45995849432978	1	1
444	OTU354	0.222323813134899	9.46119623575547	1	1
445	OTU990	0.222323813134899	9.46119623575547	1	1
446	OTU664	0.222147210313605	9.46169157510288	1	1
447	OTU2015	0.222129532596399	9.45946332352846	1	1
448	OTU841	0.222029669882312	9.46107642433131	1	1
449	OTU313	0.221714300090005	9.46151445329471	1	1
450	OTU318	0.221714300090005	9.46151445329471	1	1
451	OTU512	0.221714300090005	9.46151445329471	1	1
452	OTU832	0.21971250567528	9.46070700296455	1	1
453	OTU95	0.176674855214392	10.0457073045588	1	1
454	OTU46	0.15739722640442	9.96422463111504	1	1
455	OTU1315	0.152397271839248	11.9987628737104	0.883592086791623	1
456	OTU155	0.108110899746226	9.89192218120104	1	1
457	OTU135	0.106209102242355	9.89162985200979	1	1
458	OTU110	0.104991783638398	9.8881969991662	1	1
459	OTU134	0.0593887082177683	9.80468648806904	1	1
460	OTU1857	0.0202813253074756	10.0845125225752	1	1
461	OTU71	0	9.34450097043935	1	1
462	OTU184	0	9.34450097043935	1	1
463	OTU186	0	9.34450097043935	1	1
464	OTU192	0	9.34450097043935	1	1
465	OTU204	0	9.34450097043935	1	1
466	OTU212	0	9.34450097043935	1	1
467	OTU213	0	9.34450097043935	1	1
468	OTU214	0	9.34450097043935	1	1
469	OTU220	0	9.34450097043935	1	1
470	OTU232	0	9.34450097043935	1	1
471	OTU236	0	9.34450097043935	1	1
472	OTU241	0	9.34450097043935	1	1
473	OTU251	0	9.34450097043935	1	1
474	OTU257	0	9.34450097043935	1	1
475	OTU258	0	9.34450097043935	1	1
476	OTU264	0	9.34450097043935	1	1
477	OTU265	0	9.34450097043935	1	1
478	OTU269	0	9.34450097043935	1	1
479	OTU280	0	9.34450097043935	1	1
480	OTU285	0	9.34450097043935	1	1
481	OTU286	0	9.34450097043935	1	1
482	OTU289	0	9.34450097043935	1	1
483	OTU294	0	9.34450097043935	1	1
484	OTU302	0	9.34450097043935	1	1
485	OTU306	0	9.34450097043935	1	1
486	OTU311	0	9.34450097043935	1	1
487	OTU319	0	9.34450097043935	1	1
488	OTU325	0	9.34450097043935	1	1
489	OTU326	0	9.34450097043935	1	1
490	OTU329	0	9.34450097043935	1	1
491	OTU334	0	9.34450097043935	1	1
492	OTU335	0	9.34450097043935	1	1
493	OTU337	0	9.34450097043935	1	1
494	OTU339	0	9.34450097043935	1	1
495	OTU340	0	9.34450097043935	1	1
496	OTU341	0	9.34450097043935	1	1
497	OTU345	0	9.34450097043935	1	1
498	OTU348	0	9.34450097043935	1	1
499	OTU356	0	9.34450097043935	1	1
500	OTU369	0	9.34450097043935	1	1
501	OTU377	0	9.34450097043935	1	1
502	OTU381	0	9.34450097043935	1	1
503	OTU387	0	9.34450097043935	1	1
504	OTU392	0	9.34450097043935	1	1
505	OTU393	0	9.34450097043935	1	1
506	OTU399	0	9.34450097043935	1	1
507	OTU402	0	9.34450097043935	1	1
508	OTU405	0	9.34450097043935	1	1
509	OTU408	0	9.34450097043935	1	1
510	OTU409	0	9.34450097043935	1	1
511	OTU411	0	9.34450097043935	1	1
512	OTU419	0	9.34450097043935	1	1
513	OTU424	0	9.34450097043935	1	1
514	OTU435	0	9.34450097043935	1	1
515	OTU437	0	9.34450097043935	1	1
516	OTU441	0	9.34450097043935	1	1
517	OTU447	0	9.34450097043935	1	1
518	OTU448	0	9.34450097043935	1	1
519	OTU450	0	9.34450097043935	1	1
520	OTU452	0	9.34450097043935	1	1
521	OTU453	0	9.34450097043935	1	1
522	OTU457	0	9.34450097043935	1	1
523	OTU459	0	9.34450097043935	1	1
524	OTU461	0	9.34450097043935	1	1
525	OTU462	0	9.34450097043935	1	1
526	OTU467	0	9.34450097043935	1	1
527	OTU468	0	9.34450097043935	1	1
528	OTU470	0	9.34450097043935	1	1
529	OTU471	0	9.34450097043935	1	1
530	OTU473	0	9.34450097043935	1	1
531	OTU475	0	9.34450097043935	1	1
532	OTU478	0	9.34450097043935	1	1
533	OTU479	0	9.34450097043935	1	1
534	OTU487	0	9.34450097043935	1	1
535	OTU488	0	9.34450097043935	1	1
536	OTU490	0	9.34450097043935	1	1
537	OTU494	0	9.34450097043935	1	1
538	OTU496	0	9.34450097043935	1	1
539	OTU497	0	9.34450097043935	1	1
540	OTU500	0	9.34450097043935	1	1
541	OTU506	0	9.34450097043935	1	1
542	OTU507	0	9.34450097043935	1	1
543	OTU508	0	9.34450097043935	1	1
544	OTU513	0	9.34450097043935	1	1
545	OTU515	0	9.34450097043935	1	1
546	OTU521	0	9.34450097043935	1	1
547	OTU522	0	9.34450097043935	1	1
548	OTU525	0	9.34450097043935	1	1
549	OTU526	0	9.34450097043935	1	1
550	OTU528	0	9.34450097043935	1	1
551	OTU529	0	9.34450097043935	1	1
552	OTU530	0	9.34450097043935	1	1
553	OTU549	0	9.34450097043935	1	1
554	OTU550	0	9.34450097043935	1	1
555	OTU554	0	9.34450097043935	1	1
556	OTU560	0	9.34450097043935	1	1
557	OTU561	0	9.34450097043935	1	1
558	OTU563	0	9.34450097043935	1	1
559	OTU566	0	9.34450097043935	1	1
560	OTU567	0	9.34450097043935	1	1
561	OTU568	0	9.34450097043935	1	1
562	OTU572	0	9.34450097043935	1	1
563	OTU573	0	9.34450097043935	1	1
564	OTU574	0	9.34450097043935	1	1
565	OTU580	0	9.34450097043935	1	1
566	OTU582	0	9.34450097043935	1	1
567	OTU587	0	9.34450097043935	1	1
568	OTU588	0	9.34450097043935	1	1
569	OTU590	0	9.34450097043935	1	1
570	OTU592	0	9.34450097043935	1	1
571	OTU594	0	9.34450097043935	1	1
572	OTU596	0	9.34450097043935	1	1
573	OTU600	0	9.34450097043935	1	1
574	OTU601	0	9.34450097043935	1	1
575	OTU604	0	9.34450097043935	1	1
576	OTU605	0	9.34450097043935	1	1
577	OTU610	0	9.34450097043935	1	1
578	OTU612	0	9.34450097043935	1	1
579	OTU613	0	9.34450097043935	1	1
580	OTU615	0	9.34450097043935	1	1
581	OTU617	0	9.34450097043935	1	1
582	OTU623	0	9.34450097043935	1	1
583	OTU627	0	9.34450097043935	1	1
584	OTU636	0	9.34450097043935	1	1
585	OTU640	0	9.34450097043935	1	1
586	OTU654	0	9.34450097043935	1	1
587	OTU662	0	9.34450097043935	1	1
588	OTU668	0	9.34450097043935	1	1
589	OTU676	0	9.34450097043935	1	1
590	OTU680	0	9.34450097043935	1	1
591	OTU686	0	9.34450097043935	1	1
592	OTU689	0	9.34450097043935	1	1
593	OTU695	0	9.34450097043935	1	1
594	OTU696	0	9.34450097043935	1	1
595	OTU705	0	9.34450097043935	1	1
596	OTU710	0	9.34450097043935	1	1
597	OTU712	0	9.34450097043935	1	1
598	OTU719	0	9.34450097043935	1	1
599	OTU728	0	9.34450097043935	1	1
600	OTU733	0	9.34450097043935	1	1
601	OTU735	0	9.34450097043935	1	1
602	OTU737	0	9.34450097043935	1	1
603	OTU738	0	9.34450097043935	1	1
604	OTU741	0	9.34450097043935	1	1
605	OTU742	0	9.34450097043935	1	1
606	OTU747	0	9.34450097043935	1	1
607	OTU748	0	9.34450097043935	1	1
608	OTU750	0	9.34450097043935	1	1
609	OTU753	0	9.34450097043935	1	1
610	OTU757	0	9.34450097043935	1	1
611	OTU758	0	9.34450097043935	1	1
612	OTU763	0	9.34450097043935	1	1
613	OTU764	0	9.34450097043935	1	1
614	OTU768	0	9.34450097043935	1	1
615	OTU775	0	9.34450097043935	1	1
616	OTU781	0	9.34450097043935	1	1
617	OTU783	0	9.34450097043935	1	1
618	OTU784	0	9.34450097043935	1	1
619	OTU788	0	9.34450097043935	1	1
620	OTU789	0	9.34450097043935	1	1
621	OTU792	0	9.34450097043935	1	1
622	OTU794	0	9.34450097043935	1	1
623	OTU798	0	9.34450097043935	1	1
624	OTU802	0	9.34450097043935	1	1
625	OTU808	0	9.34450097043935	1	1
626	OTU809	0	9.34450097043935	1	1
627	OTU810	0	9.34450097043935	1	1
628	OTU813	0	9.34450097043935	1	1
629	OTU818	0	9.34450097043935	1	1
630	OTU822	0	9.34450097043935	1	1
631	OTU830	0	9.34450097043935	1	1
632	OTU836	0	9.34450097043935	1	1
633	OTU837	0	9.34450097043935	1	1
634	OTU842	0	9.34450097043935	1	1
635	OTU849	0	9.34450097043935	1	1
636	OTU850	0	9.34450097043935	1	1
637	OTU851	0	9.34450097043935	1	1
638	OTU861	0	9.34450097043935	1	1
639	OTU862	0	9.34450097043935	1	1
640	OTU863	0	9.34450097043935	1	1
641	OTU865	0	9.34450097043935	1	1
642	OTU867	0	9.34450097043935	1	1
643	OTU868	0	9.34450097043935	1	1
644	OTU870	0	9.34450097043935	1	1
645	OTU872	0	9.34450097043935	1	1
646	OTU873	0	9.34450097043935	1	1
647	OTU874	0	9.34450097043935	1	1
648	OTU880	0	9.34450097043935	1	1
649	OTU882	0	9.34450097043935	1	1
650	OTU888	0	9.34450097043935	1	1
651	OTU892	0	9.34450097043935	1	1
652	OTU894	0	9.34450097043935	1	1
653	OTU899	0	9.34450097043935	1	1
654	OTU900	0	9.34450097043935	1	1
655	OTU905	0	9.34450097043935	1	1
656	OTU915	0	9.34450097043935	1	1
657	OTU919	0	9.34450097043935	1	1
658	OTU920	0	9.34450097043935	1	1
659	OTU925	0	9.34450097043935	1	1
660	OTU926	0	9.34450097043935	1	1
661	OTU928	0	9.34450097043935	1	1
662	OTU935	0	9.34450097043935	1	1
663	OTU936	0	9.34450097043935	1	1
664	OTU940	0	9.34450097043935	1	1
665	OTU946	0	9.34450097043935	1	1
666	OTU947	0	9.34450097043935	1	1
667	OTU950	0	9.34450097043935	1	1
668	OTU953	0	9.34450097043935	1	1
669	OTU954	0	9.34450097043935	1	1
670	OTU956	0	9.34450097043935	1	1
671	OTU960	0	9.34450097043935	1	1
672	OTU962	0	9.34450097043935	1	1
673	OTU963	0	9.34450097043935	1	1
674	OTU964	0	9.34450097043935	1	1
675	OTU968	0	9.34450097043935	1	1
676	OTU981	0	9.34450097043935	1	1
677	OTU996	0	9.34450097043935	1	1
678	OTU1000	0	9.34450097043935	1	1
679	OTU1002	0	9.34450097043935	1	1
680	OTU1005	0	9.34450097043935	1	1
681	OTU1022	0	9.34450097043935	1	1
682	OTU1023	0	9.34450097043935	1	1
683	OTU1024	0	9.34450097043935	1	1
684	OTU1025	0	9.34450097043935	1	1
685	OTU1027	0	9.34450097043935	1	1
686	OTU1034	0	9.34450097043935	1	1
687	OTU1058	0	9.34450097043935	1	1
688	OTU1059	0	9.34450097043935	1	1
689	OTU1060	0	9.34450097043935	1	1
690	OTU1065	0	9.34450097043935	1	1
691	OTU1066	0	9.34450097043935	1	1
692	OTU1071	0	9.34450097043935	1	1
693	OTU1076	0	9.34450097043935	1	1
694	OTU1087	0	9.34450097043935	1	1
695	OTU1089	0	9.34450097043935	1	1
696	OTU1090	0	9.34450097043935	1	1
697	OTU1102	0	9.34450097043935	1	1
698	OTU1103	0	9.34450097043935	1	1
699	OTU1104	0	9.34450097043935	1	1
700	OTU1110	0	9.34450097043935	1	1
701	OTU1112	0	9.34450097043935	1	1
702	OTU1114	0	9.34450097043935	1	1
703	OTU1115	0	9.34450097043935	1	1
704	OTU1116	0	9.34450097043935	1	1
705	OTU1119	0	9.34450097043935	1	1
706	OTU1127	0	9.34450097043935	1	1
707	OTU1133	0	9.34450097043935	1	1
708	OTU1141	0	9.34450097043935	1	1
709	OTU1144	0	9.34450097043935	1	1
710	OTU1145	0	9.34450097043935	1	1
711	OTU1150	0	9.34450097043935	1	1
712	OTU1151	0	9.34450097043935	1	1
713	OTU1161	0	9.34450097043935	1	1
714	OTU1168	0	9.34450097043935	1	1
715	OTU1171	0	9.34450097043935	1	1
716	OTU1176	0	9.34450097043935	1	1
717	OTU1184	0	9.34450097043935	1	1
718	OTU1187	0	9.34450097043935	1	1
719	OTU1195	0	9.34450097043935	1	1
720	OTU1198	0	9.34450097043935	1	1
721	OTU1199	0	9.34450097043935	1	1
722	OTU1205	0	9.34450097043935	1	1
723	OTU1210	0	9.34450097043935	1	1
724	OTU1212	0	9.34450097043935	1	1
725	OTU1218	0	9.34450097043935	1	1
726	OTU1221	0	9.34450097043935	1	1
727	OTU1229	0	9.34450097043935	1	1
728	OTU1235	0	9.34450097043935	1	1
729	OTU1237	0	9.34450097043935	1	1
730	OTU1238	0	9.34450097043935	1	1
731	OTU1239	0	9.34450097043935	1	1
732	OTU1240	0	9.34450097043935	1	1
733	OTU1245	0	9.34450097043935	1	1
734	OTU1247	0	9.34450097043935	1	1
735	OTU1254	0	9.34450097043935	1	1
736	OTU1263	0	9.34450097043935	1	1
737	OTU1264	0	9.34450097043935	1	1
738	OTU1266	0	9.34450097043935	1	1
739	OTU1267	0	9.34450097043935	1	1
740	OTU1268	0	9.34450097043935	1	1
741	OTU1273	0	9.34450097043935	1	1
742	OTU1274	0	9.34450097043935	1	1
743	OTU1275	0	9.34450097043935	1	1
744	OTU1286	0	9.34450097043935	1	1
745	OTU1291	0	9.34450097043935	1	1
746	OTU1292	0	9.34450097043935	1	1
747	OTU1297	0	9.34450097043935	1	1
748	OTU1299	0	9.34450097043935	1	1
749	OTU1317	0	9.34450097043935	1	1
750	OTU1322	0	9.34450097043935	1	1
751	OTU1333	0	9.34450097043935	1	1
752	OTU1334	0	9.34450097043935	1	1
753	OTU1340	0	9.34450097043935	1	1
754	OTU1344	0	9.34450097043935	1	1
755	OTU1345	0	9.34450097043935	1	1
756	OTU1358	0	9.34450097043935	1	1
757	OTU1369	0	9.34450097043935	1	1
758	OTU1375	0	9.34450097043935	1	1
759	OTU1382	0	9.34450097043935	1	1
760	OTU1383	0	9.34450097043935	1	1
761	OTU1408	0	9.34450097043935	1	1
762	OTU1409	0	9.34450097043935	1	1
763	OTU1424	0	9.34450097043935	1	1
764	OTU1434	0	9.34450097043935	1	1
765	OTU1439	0	9.34450097043935	1	1
766	OTU1448	0	9.34450097043935	1	1
767	OTU1452	0	9.34450097043935	1	1
768	OTU1453	0	9.34450097043935	1	1
769	OTU1461	0	9.34450097043935	1	1
770	OTU1475	0	9.34450097043935	1	1
771	OTU1476	0	9.34450097043935	1	1
772	OTU1479	0	9.34450097043935	1	1
773	OTU1490	0	9.34450097043935	1	1
774	OTU1492	0	9.34450097043935	1	1
775	OTU1505	0	9.34450097043935	1	1
776	OTU1506	0	9.34450097043935	1	1
777	OTU1526	0	9.34450097043935	1	1
778	OTU1538	0	9.34450097043935	1	1
779	OTU1540	0	9.34450097043935	1	1
780	OTU1543	0	9.34450097043935	1	1
781	OTU1548	0	9.34450097043935	1	1
782	OTU1559	0	9.34450097043935	1	1
783	OTU1569	0	9.34450097043935	1	1
784	OTU1571	0	9.34450097043935	1	1
785	OTU1585	0	9.34450097043935	1	1
786	OTU1604	0	9.34450097043935	1	1
787	OTU1610	0	9.34450097043935	1	1
788	OTU1617	0	9.34450097043935	1	1
789	OTU1621	0	9.34450097043935	1	1
790	OTU1624	0	9.34450097043935	1	1
791	OTU1642	0	9.34450097043935	1	1
792	OTU1661	0	9.34450097043935	1	1
793	OTU1670	0	9.34450097043935	1	1
794	OTU1679	0	9.34450097043935	1	1
795	OTU1686	0	9.34450097043935	1	1
796	OTU1692	0	9.34450097043935	1	1
797	OTU1704	0	9.34450097043935	1	1
798	OTU1706	0	9.34450097043935	1	1
799	OTU1710	0	9.34450097043935	1	1
800	OTU1715	0	9.34450097043935	1	1
801	OTU1722	0	9.34450097043935	1	1
802	OTU1727	0	9.34450097043935	1	1
803	OTU1733	0	9.34450097043935	1	1
804	OTU1734	0	9.34450097043935	1	1
805	OTU1749	0	9.34450097043935	1	1
806	OTU1759	0	9.34450097043935	1	1
807	OTU1766	0	9.34450097043935	1	1
808	OTU1772	0	9.34450097043935	1	1
809	OTU1788	0	9.34450097043935	1	1
810	OTU1791	0	9.34450097043935	1	1
811	OTU1800	0	9.34450097043935	1	1
812	OTU1808	0	9.34450097043935	1	1
813	OTU1826	0	9.34450097043935	1	1
814	OTU1833	0	9.34450097043935	1	1
815	OTU1847	0	9.34450097043935	1	1
816	OTU1849	0	9.34450097043935	1	1
817	OTU1863	0	9.34450097043935	1	1
818	OTU1888	0	9.34450097043935	1	1
819	OTU1892	0	9.34450097043935	1	1
820	OTU1911	0	9.34450097043935	1	1
821	OTU1925	0	9.34450097043935	1	1
822	OTU1938	0	9.34450097043935	1	1
823	OTU1939	0	9.34450097043935	1	1
824	OTU1942	0	9.34450097043935	1	1
825	OTU1960	0	9.34450097043935	1	1
826	OTU1961	0	9.34450097043935	1	1
827	OTU1964	0	9.34450097043935	1	1
828	OTU1988	0	9.34450097043935	1	1
829	OTU1991	0	9.34450097043935	1	1
830	OTU1999	0	9.34450097043935	1	1
831	OTU2005	0	9.34450097043935	1	1
832	OTU2010	0	9.34450097043935	1	1
833	OTU2013	0	9.34450097043935	1	1
834	OTU2014	0	9.34450097043935	1	1
835	OTU2016	0	9.34450097043935	1	1
836	OTU2018	0	9.34450097043935	1	1
837	OTU2028	0	9.34450097043935	1	1
838	OTU2029	0	9.34450097043935	1	1
839	OTU2032	0	9.34450097043935	1	1
840	OTU2042	0	9.34450097043935	1	1
841	OTU2044	0	9.34450097043935	1	1
842	OTU2049	0	9.34450097043935	1	1
843	OTU2053	0	9.34450097043935	1	1
844	OTU2064	0	9.34450097043935	1	1
845	OTU2066	0	9.34450097043935	1	1
846	OTU2075	0	9.34450097043935	1	1
847	OTU2088	0	9.34450097043935	1	1
848	OTU2096	0	9.34450097043935	1	1
849	OTU2105	0	9.34450097043935	1	1
850	OTU2150	0	9.34450097043935	1	1
851	OTU2152	0	9.34450097043935	1	1
852	OTU2167	0	9.34450097043935	1	1
853	OTU2187	0	9.34450097043935	1	1
854	OTU2188	0	9.34450097043935	1	1
855	OTU2189	0	9.34450097043935	1	1
856	OTU2198	0	9.34450097043935	1	1
857	OTU2199	0	9.34450097043935	1	1
858	OTU2202	0	9.34450097043935	1	1
859	OTU2205	0	9.34450097043935	1	1
860	OTU2239	0	9.34450097043935	1	1
861	OTU2251	0	9.34450097043935	1	1
862	OTU2255	0	9.34450097043935	1	1
863	OTU2256	0	9.34450097043935	1	1
864	OTU2257	0	9.34450097043935	1	1
865	OTU2268	0	9.34450097043935	1	1
866	OTU2269	0	9.34450097043935	1	1
867	OTU2270	0	9.34450097043935	1	1
868	OTU2286	0	9.34450097043935	1	1
869	OTU2304	0	9.34450097043935	1	1
870	OTU2305	0	9.34450097043935	1	1
871	OTU2310	0	9.34450097043935	1	1
872	OTU105	-0.0174034765843045	9.70901332453353	1	1
873	OTU638	-0.0178574028414835	9.71915845042997	1	1
874	OTU150	-0.0252153579148464	10.0096486201317	1	1
875	OTU1517	-0.0293362079146257	10.2525769720446	0.999999999999999	1
876	OTU198	-0.0310320259050448	9.71423234065238	1	1
877	OTU422	-0.0641685033673646	10.6697273448486	1	1
878	OTU58	-0.0716128968195759	10.8716568153821	0.890068357716077	1
879	OTU1099	-0.0792292734925971	9.92647134624544	1	1
880	OTU69	-0.0828399952021265	9.92820022149182	0.999999999999999	1
881	OTU50	-0.0859255456553011	9.93153159969759	1	1
882	OTU1909	-0.0930019582069826	10.4845105036116	1	1
883	OTU70	-0.107473267649558	10.1113972659487	1	1
884	OTU176	-0.12370532231782	10.1231381329177	1	1
885	OTU7	-0.130597941816942	16.1167156477749	0.499967554476727	1
886	OTU131	-0.14246915826035	9.61219988755689	1	1
887	OTU414	-0.14308019195924	9.61357760017082	1	1
888	OTU364	-0.145035233583815	9.61838537138825	1	1
889	OTU653	-0.14924539937388	9.61664330532927	1	1
890	OTU167	-0.149248197376596	9.61756247272855	1	1
891	OTU379	-0.149640030980705	9.61989287934982	1	1
892	OTU224	-0.149726553746918	9.61507284334169	1	1
893	OTU259	-0.152988810852544	9.6198824401912	1	1
894	OTU370	-0.158611162946671	9.61953610601434	1	1
895	OTU139	-0.175668691895276	9.84640797695026	1	1
896	OTU49	-0.197593645149136	10.225448438817	0.830728911965134	1
897	OTU656	-0.20702354734618	11.738908920549	0.67082029257154	1
898	OTU9	-0.223491719772431	14.2112149583711	0.354596985238982	1
899	OTU83	-0.254762620125005	10.9942081045035	0.700130532569142	1
900	OTU132	-0.2834721502139	9.75681610763408	1	1
901	OTU118	-0.287172376620865	9.7552841895924	1	1
902	OTU1001	-0.30088900689901	9.76368750099054	0.731017972992202	1
903	OTU217	-0.386844146701773	9.51109832456786	1	1
904	OTU702	-0.391375972620714	9.50923396275146	1	1
905	OTU279	-0.396086626460538	9.51155364502663	1	1
906	OTU290	-0.396086626460538	9.51155364502663	1	1
907	OTU660	-0.399125916140655	9.51404399122272	1	1
908	OTU175	-0.39940705017865	9.51418676529664	1	1
909	OTU426	-0.399982379707123	9.51421016542982	1	1
910	OTU120	-0.400470771960027	10.7859771987369	0.464838148618226	1
911	OTU303	-0.400508692807925	9.51793208915162	1	1
912	OTU346	-0.400530543688461	9.51373310269851	1	1
913	OTU503	-0.401202023721795	9.5151086356316	1	1
914	OTU30	-0.401408844593376	9.51338273429453	1	1
915	OTU229	-0.401408844593376	9.51338273429453	1	1
916	OTU1355	-0.401408844593376	9.51338273429453	1	1
917	OTU324	-0.401512409204308	9.51527528595291	1	1
918	OTU323	-0.401526708045726	9.51528279747766	1	1
919	OTU539	-0.403203818136521	9.51430419359644	1	1
920	OTU275	-0.403618361982755	9.51608570422711	1	1
921	OTU187	-0.405933141513159	9.51571735792482	1	1
922	OTU85	-0.441483164906075	10.4629228532716	0.466362921239522	1
923	OTU111	-0.483043829522403	9.66573084253771	1	1
924	OTU221	-0.484856783637863	9.66504441363183	0.691342342992215	1
925	OTU210	-0.485236896915442	9.66626306815825	0.691342342992215	1
926	OTU62	-0.504306960728902	10.3219321010979	0.426440725990055	1
927	OTU397	-0.52286227666542	9.80426849880153	0.731017972992202	1
928	OTU37	-0.524275232397126	11.7595485883772	0.157851020938243	1
929	OTU130	-0.538523402405347	9.92658273992677	0.557962066459476	1
930	OTU1542	-0.539176721647456	9.92792773767478	0.77986158688221	1
931	OTU170	-0.544615087245126	9.93133489278213	0.557962066459476	1
932	OTU77	-0.585320652157137	10.5163349023013	0.389921632006119	1
933	OTU44	-0.589291917159792	10.4305630660286	0.351970372966524	1
934	OTU89	-0.650650493366705	10.6173425921318	0.190642036678921	1
935	OTU138	-0.664028693065318	10.0738176158134	0.61823822626312	1
936	OTU101	-0.67055022288835	10.0842188237607	0.469193106756259	1
937	OTU42	-0.683574075917419	9.96154635410665	0.77986158688221	1
938	OTU109	-0.692517971615867	9.96214342675089	0.399462409014667	1
939	OTU216	-0.710734514286049	9.8396246528231	0.515832351385966	1
940	OTU75	-0.716180733418353	9.85128499234376	0.758888399886987	1
941	OTU274	-0.716619071385612	9.84180122628879	0.515832351385966	1
942	OTU161	-0.72416521079191	9.85014593091296	0.353794985718618	1
943	OTU144	-0.800252293326436	10.1137225032412	0.349025479153853	1
944	OTU1412	-0.821751260805334	10.6866479731827	0.160668069132901	1
945	OTU442	-0.824466108876354	9.56165355413982	1	1
946	OTU1694	-0.827669413554123	9.56228369730256	1	1
947	OTU338	-0.827683558303722	9.56229116319234	1	1
948	OTU404	-0.828717549337283	9.56692099710263	0.628092823113571	1
949	OTU347	-0.830249758248656	9.56350768106783	1	1
950	OTU79	-0.831204263628022	10.006975982708	0.437254866861932	1
951	OTU72	-0.831447292591168	10.5235540672492	0.209702674236552	1
952	OTU267	-0.831520687008976	9.56493065306917	0.628092823113571	1
953	OTU551	-0.833329731442781	9.56614050231714	0.628092823113571	1
954	OTU149	-0.833633989310877	10.0054960445149	0.279644215589126	1
955	OTU362	-0.834579602237529	9.5698503485257	0.628092823113571	1
956	OTU380	-0.83769245621918	9.56800860101876	0.628092823113571	1
957	OTU263	-0.846466606953593	10.0123202365043	0.316599293927807	1
958	OTU61	-0.84979858146709	10.6980826936554	0.160668069132901	1
959	OTU141	-0.853581217185726	10.2402583577275	0.282512091490168	1
960	OTU359	-0.888641121657207	9.88690087512924	0.353794985718618	1
961	OTU481	-0.926924019664702	10.4670432690387	0.191050855540181	1
962	OTU209	-0.977493613396599	9.75929760298591	0.731017972992202	1
963	OTU222	-0.986679495869777	9.75908209337976	0.459849100236376	1
964	OTU65	-1.07277783876749	10.0791154418519	0.316599293927807	1
965	OTU207	-1.11673695248521	9.40051312450133	1	1
966	OTU316	-1.11673695248521	9.40051312450133	1	1
967	OTU420	-1.11673695248521	9.40051312450133	1	1
968	OTU432	-1.11673695248521	9.40051312450133	1	1
969	OTU440	-1.11673695248521	9.40051312450133	1	1
970	OTU472	-1.11673695248521	9.40051312450133	1	1
971	OTU477	-1.11673695248521	9.40051312450133	1	1
972	OTU482	-1.11673695248521	9.40051312450133	1	1
973	OTU486	-1.11673695248521	9.40051312450133	1	1
974	OTU520	-1.11673695248521	9.40051312450133	1	1
975	OTU537	-1.11673695248521	9.40051312450133	1	1
976	OTU545	-1.11673695248521	9.40051312450133	1	1
977	OTU576	-1.11673695248521	9.40051312450133	1	1
978	OTU603	-1.11673695248521	9.40051312450133	1	1
979	OTU716	-1.11673695248521	9.40051312450133	1	1
980	OTU754	-1.11673695248521	9.40051312450133	1	1
981	OTU766	-1.11673695248521	9.40051312450133	1	1
982	OTU869	-1.11673695248521	9.40051312450133	1	1
983	OTU876	-1.11673695248521	9.40051312450133	1	1
984	OTU1003	-1.11673695248521	9.40051312450133	1	1
985	OTU1056	-1.11673695248521	9.40051312450133	1	1
986	OTU1091	-1.11673695248521	9.40051312450133	1	1
987	OTU1155	-1.11673695248521	9.40051312450133	1	1
988	OTU1234	-1.11673695248521	9.40051312450133	1	1
989	OTU1443	-1.11673695248521	9.40051312450133	1	1
990	OTU1656	-1.11673695248521	9.40051312450133	1	1
991	OTU2051	-1.11673695248521	9.40051312450133	1	1
992	OTU2083	-1.11673695248521	9.40051312450133	1	1
993	OTU2163	-1.11673695248521	9.40051312450133	1	1
994	OTU2282	-1.11673695248521	9.40051312450133	1	1
995	OTU301	-1.12123075795215	9.40271953836208	1	1
996	OTU353	-1.12123075795215	9.40271953836208	1	1
997	OTU355	-1.12123075795215	9.40271953836208	1	1
998	OTU390	-1.12123075795215	9.40271953836208	1	1
999	OTU395	-1.12123075795215	9.40271953836208	1	1
1000	OTU438	-1.12123075795215	9.40271953836208	1	1
1001	OTU547	-1.12123075795215	9.40271953836208	1	1
1002	OTU581	-1.12123075795215	9.40271953836208	1	1
1003	OTU670	-1.12123075795215	9.40271953836208	1	1
1004	OTU683	-1.12123075795215	9.40271953836208	1	1
1005	OTU720	-1.12123075795215	9.40271953836208	1	1
1006	OTU740	-1.12123075795215	9.40271953836208	1	1
1007	OTU852	-1.12123075795215	9.40271953836208	1	1
1008	OTU856	-1.12123075795215	9.40271953836208	1	1
1009	OTU859	-1.12123075795215	9.40271953836208	1	1
1010	OTU877	-1.12123075795215	9.40271953836208	1	1
1011	OTU987	-1.12123075795215	9.40271953836208	1	1
1012	OTU1085	-1.12123075795215	9.40271953836208	1	1
1013	OTU1100	-1.12123075795215	9.40271953836208	1	1
1014	OTU1160	-1.12123075795215	9.40271953836208	1	1
1015	OTU1188	-1.12123075795215	9.40271953836208	1	1
1016	OTU1201	-1.12123075795215	9.40271953836208	1	1
1017	OTU1214	-1.12123075795215	9.40271953836208	1	1
1018	OTU1223	-1.12123075795215	9.40271953836208	1	1
1019	OTU1278	-1.12123075795215	9.40271953836208	1	1
1020	OTU1393	-1.12123075795215	9.40271953836208	1	1
1021	OTU1413	-1.12123075795215	9.40271953836208	1	1
1022	OTU1421	-1.12123075795215	9.40271953836208	1	1
1023	OTU1437	-1.12123075795215	9.40271953836208	1	1
1024	OTU1512	-1.12123075795215	9.40271953836208	1	1
1025	OTU1829	-1.12123075795215	9.40271953836208	1	1
1026	OTU1903	-1.12123075795215	9.40271953836208	1	1
1027	OTU308	-1.12151419793848	9.4028636364	1	1
1028	OTU328	-1.12151419793848	9.4028636364	1	1
1029	OTU352	-1.12151419793848	9.4028636364	1	1
1030	OTU421	-1.12151419793848	9.4028636364	1	1
1031	OTU427	-1.12151419793848	9.4028636364	1	1
1032	OTU493	-1.12151419793848	9.4028636364	1	1
1033	OTU510	-1.12151419793848	9.4028636364	1	1
1034	OTU531	-1.12151419793848	9.4028636364	1	1
1035	OTU614	-1.12151419793848	9.4028636364	1	1
1036	OTU646	-1.12151419793848	9.4028636364	1	1
1037	OTU647	-1.12151419793848	9.4028636364	1	1
1038	OTU688	-1.12151419793848	9.4028636364	1	1
1039	OTU721	-1.12151419793848	9.4028636364	1	1
1040	OTU724	-1.12151419793848	9.4028636364	1	1
1041	OTU791	-1.12151419793848	9.4028636364	1	1
1042	OTU840	-1.12151419793848	9.4028636364	1	1
1043	OTU853	-1.12151419793848	9.4028636364	1	1
1044	OTU1040	-1.12151419793848	9.4028636364	1	1
1045	OTU1088	-1.12151419793848	9.4028636364	1	1
1046	OTU1157	-1.12151419793848	9.4028636364	1	1
1047	OTU1252	-1.12151419793848	9.4028636364	1	1
1048	OTU1390	-1.12151419793848	9.4028636364	1	1
1049	OTU1519	-1.12151419793848	9.4028636364	1	1
1050	OTU333	-1.12303827182837	9.40364898474625	1	1
1051	OTU375	-1.12303827182837	9.40364898474625	1	1
1052	OTU407	-1.12303827182837	9.40364898474625	1	1
1053	OTU417	-1.12303827182837	9.40364898474625	1	1
1054	OTU423	-1.12303827182837	9.40364898474625	1	1
1055	OTU495	-1.12303827182837	9.40364898474625	1	1
1056	OTU616	-1.12303827182837	9.40364898474625	1	1
1057	OTU632	-1.12303827182837	9.40364898474625	1	1
1058	OTU666	-1.12303827182837	9.40364898474625	1	1
1059	OTU831	-1.12303827182837	9.40364898474625	1	1
1060	OTU878	-1.12303827182837	9.40364898474625	1	1
1061	OTU1037	-1.12303827182837	9.40364898474625	1	1
1062	OTU1130	-1.12303827182837	9.40364898474625	1	1
1063	OTU1634	-1.12303827182837	9.40364898474625	1	1
1064	OTU455	-1.12363341251886	9.4039605670388	1	1
1065	OTU631	-1.12363341251886	9.4039605670388	1	1
1066	OTU743	-1.12363341251886	9.4039605670388	1	1
1067	OTU778	-1.12363341251886	9.4039605670388	1	1
1068	OTU801	-1.12363341251886	9.4039605670388	1	1
1069	OTU913	-1.12363341251886	9.4039605670388	1	1
1070	OTU1015	-1.12363341251886	9.4039605670388	1	1
1071	OTU2299	-1.12363341251886	9.4039605670388	1	1
1072	OTU2308	-1.12363341251886	9.4039605670388	1	1
1073	OTU360	-1.12364778487327	9.40396812626356	1	1
1074	OTU374	-1.12364778487327	9.40396812626356	1	1
1075	OTU403	-1.12364778487327	9.40396812626356	1	1
1076	OTU434	-1.12364778487327	9.40396812626356	1	1
1077	OTU474	-1.12364778487327	9.40396812626356	1	1
1078	OTU533	-1.12364778487327	9.40396812626356	1	1
1079	OTU674	-1.12364778487327	9.40396812626356	1	1
1080	OTU805	-1.12364778487327	9.40396812626356	1	1
1081	OTU896	-1.12364778487327	9.40396812626356	1	1
1082	OTU1039	-1.12364778487327	9.40396812626356	1	1
1083	OTU1258	-1.12364778487327	9.40396812626356	1	1
1084	OTU1388	-1.12364778487327	9.40396812626356	1	1
1085	OTU1392	-1.12364778487327	9.40396812626356	1	1
1086	OTU373	-1.14988507190744	9.60675694429064	0.628092823113571	1
1087	OTU541	-1.15570109355765	9.6104498019346	0.628092823113571	1
1088	OTU137	-1.15974899866387	9.61272473259258	0.628092823113571	1
1089	OTU771	-1.16340158230934	9.61348152389987	0.628092823113571	1
1090	OTU271	-1.16498602782698	9.6184073649942	0.380154705189284	1
1091	OTU270	-1.1651048437606	9.79259713547613	0.297147776582878	1
1092	OTU382	-1.16875541445216	9.79623429751049	0.297147776582878	1
1093	OTU246	-1.16961180279633	9.61762870765395	0.380154705189284	1
1094	OTU991	-1.17104672421905	9.61810027295801	0.380154705189284	1
1095	OTU146	-1.17545403879085	9.6188222712633	0.380154705189284	1
1096	OTU282	-1.17870245455263	9.96101592325359	0.155960919149859	1
1097	OTU117	-1.19895465612142	9.97047132846813	0.155960919149859	1
1098	OTU119	-1.29780092950121	9.9956746514667	0.155960919149859	1
1099	OTU160	-1.35634668267632	9.85027051391869	0.353794985718618	1
1100	OTU363	-1.42711921968482	9.65841045118533	0.380154705189284	1
1101	OTU544	-1.42904947446283	9.66007690677378	0.380154705189284	1
1102	OTU172	-1.43108063599707	9.66037336808914	0.380154705189284	1
1103	OTU121	-1.4374881670686	9.66437648677659	0.380154705189284	1
1104	OTU371	-1.44188268798532	9.6666603528059	0.224560886287818	1
1105	OTU1407	-1.4428949559674	9.66551849476078	0.224560886287818	1
1106	OTU215	-1.51711774615429	9.89466227516444	0.155960919149859	1
1107	OTU1277	-1.63933775553163	9.92482618646938	0.155960919149859	1
1108	OTU197	-1.73561456407417	9.45424992488614	0.502074688796679	1
1109	OTU540	-1.73561456407417	9.45424992488614	0.502074688796679	1
1110	OTU546	-1.73561456407417	9.45424992488614	0.502074688796679	1
1111	OTU826	-1.73561456407417	9.45424992488614	0.502074688796679	1
1112	OTU973	-1.73561456407417	9.45424992488614	0.502074688796679	1
1113	OTU2056	-1.73561456407417	9.45424992488614	0.502074688796679	1
1114	OTU2121	-1.73561456407417	9.45424992488614	0.502074688796679	1
1115	OTU484	-1.74004490045193	9.45643977443828	0.502074688796679	1
1116	OTU365	-1.740325217914	9.45658298757245	0.502074688796679	1
1117	OTU384	-1.740325217914	9.45658298757245	0.502074688796679	1
1118	OTU661	-1.740325217914	9.45658298757245	0.502074688796679	1
1119	OTU939	-1.740325217914	9.45658298757245	0.502074688796679	1
1120	OTU1011	-1.740325217914	9.45658298757245	0.502074688796679	1
1121	OTU2215	-1.740325217914	9.45658298757245	0.502074688796679	1
1122	OTU485	-1.74183430830102	9.45736393875092	0.502074688796679	1
1123	OTU641	-1.74183430830102	9.45736393875092	0.502074688796679	1
1124	OTU744	-1.74183430830102	9.45736393875092	0.502074688796679	1
1125	OTU731	-1.74243868459654	9.45768149920377	0.502074688796679	1
1126	OTU796	-1.74243868459654	9.45768149920377	0.502074688796679	1
1127	OTU819	-1.74243868459654	9.45768149920377	0.502074688796679	1
1128	OTU938	-1.74243868459654	9.45768149920377	0.502074688796679	1
1129	OTU233	-1.74448800110393	9.45863189310221	0.502074688796679	1
1130	OTU449	-1.74448800110393	9.45863189310221	0.502074688796679	1
1131	OTU1209	-1.74448800110393	9.45863189310221	0.502074688796679	1
1132	OTU1282	-1.74448800110393	9.45863189310221	0.502074688796679	1
1133	OTU185	-1.74476913514192	9.45877526285636	0.502074688796679	1
1134	OTU518	-1.74476913514192	9.45877526285636	0.502074688796679	1
1135	OTU769	-1.74476913514192	9.45877526285636	0.502074688796679	1
1136	OTU1312	-1.74476913514192	9.45877526285636	0.502074688796679	1
1137	OTU630	-1.74505032141781	9.45891864339292	0.502074688796679	1
1138	OTU752	-1.74505032141781	9.45891864339292	0.502074688796679	1
1139	OTU1384	-1.74505032141781	9.45891864339292	0.502074688796679	1
1140	OTU297	-1.74628264000935	9.45955708591438	0.502074688796679	1
1141	OTU552	-1.74628264000935	9.45955708591438	0.502074688796679	1
1142	OTU749	-1.74628264000935	9.45955708591438	0.502074688796679	1
1143	OTU906	-1.74628264000935	9.45955708591438	0.502074688796679	1
1144	OTU1055	-1.74628264000935	9.45955708591438	0.502074688796679	1
1145	OTU287	-1.74656410868507	9.45970052641803	0.502074688796679	1
1146	OTU376	-1.74687449416758	9.45986747771348	0.502074688796679	1
1147	OTU629	-1.74687449416758	9.45986747771348	0.502074688796679	1
1148	OTU2252	-1.746888793009	9.45987500952691	0.502074688796679	1
1149	OTU412	-1.74715607381524	9.46001094257302	0.502074688796679	1
1150	OTU463	-1.74715607381524	9.46001094257302	0.502074688796679	1
1151	OTU492	-1.74715607381524	9.46001094257302	0.502074688796679	1
1152	OTU708	-1.74715607381524	9.46001094257302	0.502074688796679	1
1153	OTU823	-1.74715607381524	9.46001094257302	0.502074688796679	1
1154	OTU330	-1.74717037534144	9.46001847498134	0.502074688796679	1
1155	OTU1370	-1.74807942260987	9.46048274283639	0.502074688796679	1
1156	OTU679	-1.74868630369344	9.46080083006067	0.502074688796679	1
1157	OTU466	-1.74926478843693	9.4611039007856	0.502074688796679	1
1158	OTU667	-1.74926478843693	9.4611039007856	0.502074688796679	1
1159	OTU391	-1.74927911018033	9.46111143784085	0.502074688796679	1
1160	OTU584	-1.74927911018033	9.46111143784085	0.502074688796679	1
1161	OTU759	-1.74927911018033	9.46111143784085	0.502074688796679	1
1162	OTU976	-1.7492934320617	9.46111897492886	0.502074688796679	1
1163	OTU396	-2.1651817813241	9.50588500757989	0.502074688796679	1
1164	OTU575	-2.17192214975718	9.50929358539243	0.502074688796679	1
1165	OTU1062	-2.17192214975718	9.50929358539243	0.502074688796679	1
1166	OTU331	-2.17448834970212	9.51051941606047	0.502074688796679	1
1167	OTU439	-2.17570902228266	9.51115438903527	0.253112033195021	1
1168	OTU358	-2.17631012103611	9.51147074955496	0.253112033195021	1
1169	OTU1720	-2.17807556948818	9.5123838415468	0.253112033195021	1
1170	OTU288	-2.17869181640605	9.51270791940315	0.253112033195021	1
1171	OTU169	-2.17888336145272	9.51269773338056	0.253112033195021	1
1172	OTU307	-2.17888336145272	9.51269773338056	0.253112033195021	1
1173	OTU383	-2.18010750291158	9.51333340566302	0.253112033195021	1
1174	OTU2306	-2.18071031879241	9.5136501217281	0.253112033195021	1
1175	OTU714	-2.18098961372113	9.51379286485786	0.253112033195021	1
1176	OTU955	-2.18098961372113	9.51379286485786	0.253112033195021	1
1177	OTU1173	-2.18098961372113	9.51379286485786	0.253112033195021	1
1178	OTU1477	-2.18098961372113	9.51379286485786	0.253112033195021	1
1179	OTU234	-2.18126895933521	9.51393561855657	0.253112033195021	1
1180	OTU171	-2.18276039792986	9.51470702303719	0.253112033195021	1
1181	OTU1614	-2.18309878999452	9.51488865324809	0.253112033195021	1
1182	OTU523	-2.18335001960993	9.51501646956752	0.253112033195021	1
1183	OTU682	-2.18335001960993	9.51501646956752	0.253112033195021	1
1184	OTU756	-2.18335001960993	9.51501646956752	0.253112033195021	1
1185	OTU158	-2.1833785211572	9.5150314903381	0.253112033195021	1
1186	OTU464	-2.1833785211572	9.5150314903381	0.253112033195021	1
1187	OTU746	-2.18428181532368	9.51549377330017	0.253112033195021	1
1188	OTU589	-2.18547674489607	9.51612050463512	0.253112033195021	1
1189	OTU344	-2.49412366336089	9.55557299868107	0.253112033195021	1
1190	OTU296	-2.49870804973126	9.55787214376601	0.253112033195021	1
1191	OTU483	-2.50330551804618	9.56017373990901	0.253112033195021	1
1192	OTU1514	-2.50479031578178	9.56094700726336	0.253112033195021	1
1193	OTU446	-2.505386613158	9.5612618541664	0.253112033195021	1
1194	OTU262	-2.50736426236141	9.56219418364723	0.253112033195021	1
1195	OTU803	-2.5076401737628	9.56233598118463	0.253112033195021	1
