	Geneid	log2(fc)	logCPM	pvalue	FDR
1	OTU12	10.7599125906077	15.093144928743	2.10524857688923e-109	2.51577204938263e-106
2	OTU24	-3.52824018991501	14.0391886809574	1.58875449490296e-39	9.49280810704517e-37
3	OTU8	2.7778135792879	15.4776073354997	4.53694186605401e-37	1.80721517664485e-34
4	OTU17	7.90394108001513	12.2867861857247	1.91595776305333e-35	5.68351805842967e-33
5	OTU10	2.88357595643846	14.6351721392734	2.37804102863166e-35	5.68351805842967e-33
6	OTU4	-2.17253554840857	16.9381734291833	1.71898291710021e-27	3.42364097655792e-25
7	OTU949	5.64632546045238	11.9255705298134	1.27859379439369e-25	2.18274226328637e-23
8	OTU11	2.48809358012372	13.6214787992339	1.86429237334097e-22	2.78478673267807e-20
9	OTU1	1.81472453950932	17.5378489921623	1.58799472619161e-20	2.10850410866553e-18
10	OTU53	6.88227410842957	11.4479757671873	2.26634814254717e-20	2.70828603034386e-18
11	OTU6	5.48496996272137	11.2727148432519	1.94955670290292e-17	2.11792750906271e-15
12	OTU13	-1.87584125414641	14.2792322855266	1.7267761301283e-16	1.7195812295861e-14
13	OTU33	-2.51626502412713	12.3886346085364	1.53288349253175e-14	1.40907367198111e-12
14	OTU26	2.48191620709249	12.4723184651899	1.77162645199937e-14	1.51220972152803e-12
15	OTU14	-1.5922258799854	14.7447562839963	1.25141439607369e-13	9.96960135538709e-12
16	OTU97	6.02732733664305	10.8190073628899	1.87133349597832e-12	1.39765220480881e-10
17	OTU5	1.35262991939892	16.187731155366	1.1128305208264e-11	7.82254395522086e-10
18	OTU128	5.93582519128791	10.7735883046631	1.70938170724472e-11	1.13483952230969e-09
19	OTU28	2.43540255240093	12.0006020257383	1.89916561852281e-11	1.19447521796566e-09
20	OTU677	3.74957717046081	11.08441948411	8.61234451684466e-11	5.14587584881469e-09
21	OTU34	-2.43000029250377	11.9830384731469	1.76723205073933e-10	1.00563919077786e-08
22	OTU35	-2.08083698646417	12.1279573289056	3.72345414493583e-10	2.02251259236287e-08
23	OTU115	5.55478599129806	10.5304894189027	1.62382245569658e-09	8.08528264398923e-08
24	OTU31	-3.37891090583696	11.2106250578837	1.6049457917772e-09	8.08528264398923e-08
25	OTU47	-2.92642914066378	11.4363201920728	1.94878521612561e-09	9.31519333308041e-08
26	OTU32	1.818340378881	12.4142033353055	4.81162545196912e-09	2.21149708273196e-07
27	OTU96	-2.58177279165176	11.5651763987761	5.19062640053593e-09	2.29733279579275e-07
28	OTU46	2.81335377569911	10.9626444845392	2.53495144274841e-08	1.08188106217298e-06
29	OTU9	1.11618203405804	14.9480136425956	6.70276341380519e-08	2.76200078603352e-06
30	OTU52	-3.07021418792669	11.0039950381188	1.61799631143962e-07	6.44501864056782e-06
31	OTU336	-3.28035678652412	10.8938554085173	2.60494438803974e-07	1.00416404635725e-05
32	OTU116	-3.5995410173554	10.7878987659463	4.04829158293138e-07	1.51178388800094e-05
33	OTU254	1.83000596792776	11.8786452347168	4.43418065639534e-07	1.60571087405831e-05
34	OTU98	-2.45435941715676	11.3820445172462	4.6337711631171e-07	1.62863427644851e-05
35	OTU55	-1.64275245806791	12.1959920679692	1.74818584334409e-06	5.96880595084624e-05
36	OTU43	-1.42693066476379	12.3798404092099	2.78933608815551e-06	9.25904618151622e-05
37	OTU15	1.2321469624138	12.8862307295212	3.3901457838045e-06	0.000109492546260713
38	OTU45	-1.94936841631245	11.4154260833014	3.63997073119416e-06	0.000114467500625711
39	OTU74	4.86580972648115	10.1773417924621	3.9692566110869e-06	0.000121622093596124
40	OTU18	1.26634875773427	12.6424001641715	4.95570647601765e-06	0.000148051730971027
41	OTU94	-4.74598871683038	10.2564527849019	7.39595296598207e-06	0.000215564970593868
42	OTU2046	-1.51090751954126	11.8548982572996	7.60206501933181e-06	0.000216296849954798
43	OTU2	0.870396917679583	16.2162788571429	8.37648766418922e-06	0.000227497789970594
44	OTU48	-2.31243806532377	11.0390746041644	8.34588618037113e-06	0.000227497789970594
45	OTU106	4.79570775235217	10.145736124812	1.38272164146621e-05	0.000359207035120026
46	OTU57	-2.3225959005958	10.88893040995	1.35856209328658e-05	0.000359207035120026
47	OTU178	-2.66557619027642	10.7641169113245	1.69482953431901e-05	0.000430919424151323
48	OTU1270	-1.42034130438871	11.9489373456987	3.42889063698102e-05	0.000853650898165067
49	OTU147	-2.98003949689637	10.4408206943518	4.33128482147281e-05	0.00105630313503265
50	OTU22	1.18563311348983	12.2564958969521	9.11028057210921e-05	0.0021773570567341
51	OTU99	2.67065287799152	10.4538826253472	0.000109450936184979	0.0025645856615892
52	OTU481	-3.34173990898119	10.2540650705607	0.000129589958490903	0.00297807693070441
53	OTU235	-3.10753986252678	10.1530868977805	0.000231832964266269	0.00522717721317343
54	OTU656	1.03885951538165	12.305846406752	0.0002558911100705	0.00566277549137494
55	OTU66	-2.10558743078771	10.6231175823118	0.00026947190112273	0.00585488948803022
56	OTU29	1.23447957834273	12.0988687195656	0.000310216507695689	0.00651590336777338
57	OTU54	-1.32912778441072	11.5480219776185	0.000310800411684588	0.00651590336777338
58	OTU908	4.1649831558216	9.89924015370707	0.000332546654981759	0.00685160780522762
59	OTU1213	1.58028439885954	11.0006521912218	0.000341498824478028	0.00691679822459734
60	OTU60	2.21031086093051	10.4006749584605	0.000371314933085706	0.00739535575062365
61	OTU7	-0.676001399475984	15.897025104687	0.000574647339778511	0.011257435590743
62	OTU102	4.17258087514754	9.90253114823798	0.000634861795874267	0.0118540600948398
63	OTU108	4.17258087514754	9.90253114823798	0.000634861795874267	0.0118540600948398
64	OTU238	-4.04490824351514	9.95849564765197	0.000634861795874267	0.0118540600948398
65	OTU255	-2.75074289156553	10.3350674220803	0.000827995405478744	0.0152223770699554
66	OTU152	4.04096268859689	9.85898832562443	0.0012164145859881	0.0220244762159966
67	OTU19	-0.91735652711675	12.3565121789154	0.00132339100774031	0.0236037649888011
68	OTU39	2.23201801230099	10.2598693791238	0.00136692435018305	0.0240216852715991
69	OTU2260	-2.12717593672241	10.4802571547871	0.00164291185230154	0.0280468523357192
70	OTU1412	-2.17210061331732	10.5043089812824	0.00164291185230154	0.0280468523357192
71	OTU2207	1.82700688528489	10.5651193659707	0.00168477273907951	0.0283563862422538
72	OTU126	-2.46924671253335	10.2029202551986	0.00188050143239405	0.0312111001626512
73	OTU133	4.0082375235498	9.84486200691036	0.00233925881920788	0.0345112875179435
74	OTU112	3.89655485260708	9.81418669598335	0.00233925881920788	0.0345112875179435
75	OTU1624	3.87625039361953	9.80545908189832	0.00233925881920788	0.0345112875179435
76	OTU64	-1.65832605871625	10.7881016444454	0.00233100748761076	0.0345112875179435
77	OTU263	-3.70265392564442	9.84326537290397	0.00233925881920788	0.0345112875179435
78	OTU273	-3.81163650493931	9.87508404158631	0.00233925881920788	0.0345112875179435
79	OTU140	-3.82028796371772	9.87950939385497	0.00233925881920788	0.0345112875179435
80	OTU159	-3.82853795471607	9.88382862688701	0.00233925881920788	0.0345112875179435
81	OTU1564	-3.9254155266355	9.91360578930843	0.00233925881920788	0.0345112875179435
82	OTU42	1.65862641828197	10.5808122245525	0.00252643144564556	0.0368181167993468
83	OTU1315	-1.20764746710302	11.5938320411929	0.00332592538625168	0.0478853112839851
84	OTU50	1.82164360439935	10.4687909492864	0.00391644490127264	0.0557160911550096
85	OTU182	3.73098644987226	9.76567682253638	0.00451531353475009	0.0574021241917697
86	OTU125	2.90619825781198	9.89839688047539	0.00426264348658437	0.0574021241917697
87	OTU87	2.50577847577096	10.004073198104	0.00426264348658437	0.0574021241917697
88	OTU136	-2.71669406100653	9.99774088419969	0.00426264348658437	0.0574021241917697
89	OTU68	-3.68165760255264	9.83247274282219	0.00451531353475009	0.0574021241917697
90	OTU282	-3.68183857755025	9.8326336178701	0.00451531353475009	0.0574021241917697
91	OTU777	-3.68953293356219	9.83640655752066	0.00451531353475009	0.0574021241917697
92	OTU79	-3.6900168689677	9.83671975117659	0.00451531353475009	0.0574021241917697
93	OTU162	-3.69052970059218	9.83705806069873	0.00451531353475009	0.0574021241917697
94	OTU119	-3.80214534280467	9.87026932876765	0.00451531353475009	0.0574021241917697
95	OTU164	-1.98515828329147	10.4110735858443	0.00615825974497615	0.077464425213121
96	OTU21	-0.680457892855997	13.5917440647151	0.00623815236848691	0.0776520008368944
97	OTU283	-2.50352681379587	9.92702445903093	0.00761349527724026	0.0909812685630211
98	OTU208	-2.5061326911851	9.9283829426566	0.00761349527724026	0.0909812685630211
99	OTU242	-2.50787076546085	9.92929325937183	0.00761349527724026	0.0909812685630211
100	OTU191	-2.60639514216813	9.95783053996792	0.00761349527724026	0.0909812685630211
101	OTU1401	3.54594692751166	9.71573959781587	0.0087484199735783	0.102493743808099
102	OTU160	-3.40369803850029	9.75448230495215	0.0087484199735783	0.102493743808099
103	OTU141	-2.8876651062976	10.0634906559431	0.00922067389550445	0.106977721409008
104	OTU78	1.23726405935224	10.7110186428234	0.0114842943060271	0.131958958612523
105	OTU86	1.63677683471899	10.4976328415077	0.0122740804756594	0.139690725413457
106	OTU317	-2.37581060430871	9.88668621952597	0.0135677011514057	0.152956630904998
107	OTU51	-1.43315395766452	10.6687732921934	0.0143999272120427	0.160821616994309
108	OTU90	3.5269177019134	9.70762077122302	0.0170146435706602	0.179933620061406
109	OTU223	3.35291950335197	9.67142228602831	0.0170146435706602	0.179933620061406
110	OTU356	3.35291950335197	9.67142228602831	0.0170146435706602	0.179933620061406
111	OTU161	-3.23013082259898	9.70894413210727	0.0170146435706602	0.179933620061406
112	OTU130	-3.39230353591145	9.74862564092494	0.0170146435706602	0.179933620061406
113	OTU332	-3.39914086439735	9.75203431752546	0.0170146435706602	0.179933620061406
114	OTU93	-1.60152279466472	10.3958794028214	0.0199939672564322	0.209585884837162
115	OTU120	-1.45167251758253	10.5923175726007	0.0204167832364971	0.212157008414035
116	OTU305	2.73050457115264	9.84337141624483	0.0240998059746301	0.244061594404093
117	OTU82	1.96799834606983	9.84492251957288	0.0240998059746301	0.244061594404093
118	OTU1277	-2.35315056462425	9.87727895119587	0.0240998059746301	0.244061594404093
119	OTU27	-0.640719399805743	12.2579511631057	0.029329315541496	0.294525479597376
120	OTU72	-1.40490897616982	10.4345777670058	0.0295947451643817	0.294714337261968
121	OTU103	3.32984586416162	9.66162678599499	0.0332190660189079	0.310985184763222
122	OTU397	1.53809206407807	10.2519479880609	0.0333105469871903	0.310985184763222
123	OTU166	-1.32177840335435	10.2752829556301	0.0333105469871903	0.310985184763222
124	OTU155	-3.02838371376384	9.65964657884543	0.0332190660189079	0.310985184763222
125	OTU1516	-3.03330803147505	9.66219314211947	0.0332190660189079	0.310985184763222
126	OTU216	-3.21252920947809	9.70002606004351	0.0332190660189079	0.310985184763222
127	OTU351	-3.21371556053036	9.70064502569467	0.0332190660189079	0.310985184763222
128	OTU253	-3.22529665658149	9.70651281442692	0.0332190660189079	0.310985184763222
129	OTU228	-2.03354846004992	10.0394483655316	0.040818867695637	0.378128270513846
130	OTU153	-2.22789959910854	9.84117025223848	0.0426132714842041	0.391714303258645
131	OTU104	1.82216781658541	9.965719955984	0.043338730522233	0.393538142301852
132	OTU88	1.37351979212443	10.2903604553089	0.0434703219948489	0.393538142301852
133	OTU122	-1.56751360106782	10.2362083316426	0.0498779987394511	0.448151943561234
134	OTU59	-0.677314798571164	11.270100461973	0.0528770358657564	0.471552670593873
135	OTU84	-1.35657891667265	10.4149236341894	0.0542824597848234	0.480500292169363
136	OTU83	-0.906373979500022	10.8367231752856	0.0551644333600551	0.484716896068132
137	OTU89	-1.27549196839569	10.5130342271429	0.0559600366400354	0.488118567772571
138	OTU1834	2.83436596467576	9.56903361519325	0.0651093693970597	0.511879581772936
139	OTU142	2.83271888793793	9.56832695431469	0.0651093693970597	0.511879581772936
140	OTU236	2.83271888793793	9.56832695431469	0.0651093693970597	0.511879581772936
141	OTU241	2.8302973596943	9.56730227476131	0.0651093693970597	0.511879581772936
142	OTU65	-1.45807571064345	10.035120373518	0.0645536941836753	0.511879581772936
143	OTU460	-1.93275950183288	10.0061259163737	0.0645536941836753	0.511879581772936
144	OTU366	-2.80008255364224	9.61113419696489	0.0651093693970597	0.511879581772936
145	OTU173	-2.8003577435569	9.6112745308197	0.0651093693970597	0.511879581772936
146	OTU622	-2.80063298103137	9.61141487474538	0.0651093693970597	0.511879581772936
147	OTU430	-2.80301002350023	9.61263583874541	0.0651093693970597	0.511879581772936
148	OTU1001	-2.80539077134487	9.61387808481576	0.0651093693970597	0.511879581772936
149	OTU299	-3.00282507306938	9.64677007984081	0.0651093693970597	0.511879581772936
150	OTU199	-3.01776298799968	9.65429671714019	0.0651093693970597	0.511879581772936
151	OTU243	-3.02128957785464	9.65612969030442	0.0651093693970597	0.511879581772936
152	OTU209	-3.02439301632943	9.65766162438421	0.0651093693970597	0.511879581772936
153	OTU80	1.54222888144435	9.89258595409695	0.0714942776791394	0.558403018474324
154	OTU291	-2.05125702614209	9.79241672663812	0.0748782087502333	0.56632569276284
155	OTU359	-2.05951862514529	9.79600013026362	0.0748782087502333	0.56632569276284
156	OTU150	-2.06215797542519	9.79737014033147	0.0748782087502333	0.56632569276284
157	OTU170	-2.06505840249898	9.79887858618825	0.0748782087502333	0.56632569276284
158	OTU218	-2.06629470896054	9.79719894492093	0.0748782087502333	0.56632569276284
159	OTU127	-1.2409334312239	10.1143414388111	0.0865433128417112	0.650435590225439
160	OTU25	0.616583341325137	11.7923029452079	0.0983237517648842	0.734355520993979
161	OTU105	1.36556695259728	9.96827443411244	0.100990565176851	0.744961267816895
162	OTU1591	-1.79933044525584	9.96210941733264	0.100990565176851	0.744961267816895
163	OTU227	2.82305556465069	9.56423202402404	0.128118436555504	0.795318841053734
164	OTU189	2.82223236680025	9.56394262781864	0.128118436555504	0.795318841053734
165	OTU388	2.82215512770106	9.56388757597109	0.128118436555504	0.795318841053734
166	OTU264	2.82125514476468	9.56354317244234	0.128118436555504	0.795318841053734
167	OTU188	2.81975006619801	9.56286559163473	0.128118436555504	0.795318841053734
168	OTU249	2.81084471055944	9.55917081129728	0.128118436555504	0.795318841053734
169	OTU315	2.80987443542192	9.55877239592411	0.128118436555504	0.795318841053734
170	OTU202	2.20443573271455	9.71057673547685	0.130445600708395	0.795318841053734
171	OTU91	1.24350150405492	10.1502757771357	0.108581932001044	0.795318841053734
172	OTU69	1.0684888773933	10.1932992640651	0.130242503507881	0.795318841053734
173	OTU154	-1.39558397749142	9.8431022107788	0.1166671335225	0.795318841053734
174	OTU1222	-1.70066616959233	9.70810502166997	0.130445600708395	0.795318841053734
175	OTU270	-1.87048848480051	9.74426029950383	0.130445600708395	0.795318841053734
176	OTU206	-1.87193153362065	9.74557009148748	0.130445600708395	0.795318841053734
177	OTU382	-1.8762411881547	9.74705899354645	0.130445600708395	0.795318841053734
178	OTU195	-1.87751489172973	9.74543511619064	0.130445600708395	0.795318841053734
179	OTU245	-1.89632123463199	9.75191889697062	0.130445600708395	0.795318841053734
180	OTU295	-2.52482485075907	9.5589286106214	0.128118436555504	0.795318841053734
181	OTU343	-2.52504036389716	9.55894644323177	0.128118436555504	0.795318841053734
182	OTU111	-2.5251470300874	9.5591005985258	0.128118436555504	0.795318841053734
183	OTU221	-2.52531705142012	9.55908730070331	0.128118436555504	0.795318841053734
184	OTU210	-2.52681012991648	9.55985615388834	0.128118436555504	0.795318841053734
185	OTU246	-2.52830465166689	9.56062532574562	0.128118436555504	0.795318841053734
186	OTU991	-2.52944550353402	9.5612130620608	0.128118436555504	0.795318841053734
187	OTU146	-2.53214532963366	9.56260959391496	0.128118436555504	0.795318841053734
188	OTU655	-2.78089900100744	9.60155450213194	0.128118436555504	0.795318841053734
189	OTU363	-2.78516954473497	9.60368466310747	0.128118436555504	0.795318841053734
190	OTU1948	-2.78711043103945	9.60460196122524	0.128118436555504	0.795318841053734
191	OTU544	-2.7879295066888	9.60502162684588	0.128118436555504	0.795318841053734
192	OTU349	-2.7894047190401	9.60578563064198	0.128118436555504	0.795318841053734
193	OTU350	-2.7894047190401	9.60578563064198	0.128118436555504	0.795318841053734
194	OTU118	-2.7899979677848	9.60609684586782	0.128118436555504	0.795318841053734
195	OTU416	-2.7936972901442	9.60791989612502	0.128118436555504	0.795318841053734
196	OTU239	-2.796243394185	9.60915043096968	0.128118436555504	0.795318841053734
197	OTU156	1.66560117454954	9.92521897321926	0.155960919149859	0.92723034021931
198	OTU215	-1.0926519092564	9.92836291299949	0.155960919149859	0.92723034021931
199	OTU117	-1.22848600325901	9.96615901309673	0.155960919149859	0.92723034021931
200	OTU100	-1.33478833744384	9.99193800649171	0.155960919149859	0.92723034021931
201	OTU176	-1.68062263475629	9.92758868341429	0.155960919149859	0.92723034021931
202	OTU36	-0.372210121349755	12.2576948822198	0.164013129462143	0.970275691620105
203	OTU151	2.48161651237888	9.51406380567423	0.253112033195021	1
204	OTU294	2.48161651237888	9.51406380567423	0.253112033195021	1
205	OTU341	2.48161651237888	9.51406380567423	0.253112033195021	1
206	OTU389	2.48161651237888	9.51406380567423	0.253112033195021	1
207	OTU411	2.48161651237888	9.51406380567423	0.253112033195021	1
208	OTU593	2.48161651237888	9.51406380567423	0.253112033195021	1
209	OTU891	2.48161651237888	9.51406380567423	0.253112033195021	1
210	OTU1895	2.48161651237888	9.51406380567423	0.253112033195021	1
211	OTU452	2.47918267665987	9.5130377928542	0.253112033195021	1
212	OTU124	2.47823232957243	9.51267092233478	0.253112033195021	1
213	OTU143	2.47682322610691	9.51206643446232	0.253112033195021	1
214	OTU157	2.47675273963211	9.51201241699397	0.253112033195021	1
215	OTU225	2.47675273963211	9.51201241699397	0.253112033195021	1
216	OTU193	2.4710568443801	9.50967047431066	0.253112033195021	1
217	OTU292	2.47098673334148	9.50961658688348	0.253112033195021	1
218	OTU285	2.47006944754157	9.50926964679899	0.253112033195021	1
219	OTU381	2.47006944754157	9.50926964679899	0.253112033195021	1
220	OTU437	2.47006944754157	9.50926964679899	0.253112033195021	1
221	OTU192	2.46765390172898	9.50824653014169	0.253112033195021	1
222	OTU513	2.46765390172898	9.50824653014169	0.253112033195021	1
223	OTU1161	2.01928054719633	9.45816323394007	0.502074688796679	1
224	OTU220	2.01845227524922	9.45780961341227	0.502074688796679	1
225	OTU237	2.01845227524922	9.45780961341227	0.502074688796679	1
226	OTU250	2.01845227524922	9.45780961341227	0.502074688796679	1
227	OTU251	2.01845227524922	9.45780961341227	0.502074688796679	1
228	OTU394	2.01845227524922	9.45780961341227	0.502074688796679	1
229	OTU406	2.01845227524922	9.45780961341227	0.502074688796679	1
230	OTU410	2.01845227524922	9.45780961341227	0.502074688796679	1
231	OTU1527	2.01600616376708	9.45678228312444	0.502074688796679	1
232	OTU515	2.01362715371786	9.45580843409011	0.502074688796679	1
233	OTU530	2.01362715371786	9.45580843409011	0.502074688796679	1
234	OTU686	2.01362715371786	9.45580843409011	0.502074688796679	1
235	OTU113	2.01356404539999	9.45575559499792	0.502074688796679	1
236	OTU184	2.01356404539999	9.45575559499792	0.502074688796679	1
237	OTU588	2.01356404539999	9.45575559499792	0.502074688796679	1
238	OTU604	2.01356404539999	9.45575559499792	0.502074688796679	1
239	OTU1042	2.01356404539999	9.45575559499792	0.502074688796679	1
240	OTU1176	2.01356404539999	9.45575559499792	0.502074688796679	1
241	OTU1448	2.01356404539999	9.45575559499792	0.502074688796679	1
242	OTU325	2.01118887837587	9.45478233205228	0.502074688796679	1
243	OTU196	2.00881740986215	9.45380960329399	0.502074688796679	1
244	OTU1939	2.00881740986215	9.45380960329399	0.502074688796679	1
245	OTU498	2.00781905014039	9.45340731500732	0.502074688796679	1
246	OTU186	2.00682133626405	9.45300511306648	0.502074688796679	1
247	OTU277	2.00682133626405	9.45300511306648	0.502074688796679	1
248	OTU319	2.00682133626405	9.45300511306648	0.502074688796679	1
249	OTU393	2.00682133626405	9.45300511306648	0.502074688796679	1
250	OTU441	2.00682133626405	9.45300511306648	0.502074688796679	1
251	OTU566	2.00682133626405	9.45300511306648	0.502074688796679	1
252	OTU568	2.00682133626405	9.45300511306648	0.502074688796679	1
253	OTU613	2.00682133626405	9.45300511306648	0.502074688796679	1
254	OTU837	2.00682133626405	9.45300511306648	0.502074688796679	1
255	OTU1600	2.00682133626405	9.45300511306648	0.502074688796679	1
256	OTU1676	1.69396666610838	9.61692449539071	0.224560886287818	1
257	OTU1352	1.6918928619039	9.61407323246241	0.380154705189284	1
258	OTU628	1.35786742380821	9.85334438215062	0.237128082438128	1
259	OTU1400	1.34957797031803	9.56732165615151	0.628092823113571	1
260	OTU318	1.34435675329024	9.56512194943168	0.628092823113571	1
261	OTU353	1.34434788580044	9.56287390961596	0.628092823113571	1
262	OTU248	1.34194507619932	9.56409180920847	0.628092823113571	1
263	OTU421	1.34072446754433	9.56164953856232	0.628092823113571	1
264	OTU114	1.3362581453211	9.56175914230147	0.628092823113571	1
265	OTU327	1.33587528317332	9.39971177636059	1	1
266	OTU340	1.33587528317332	9.39971177636059	1	1
267	OTU508	1.33587528317332	9.39971177636059	1	1
268	OTU617	1.33587528317332	9.39971177636059	1	1
269	OTU850	1.33587528317332	9.39971177636059	1	1
270	OTU1239	1.33587528317332	9.39971177636059	1	1
271	OTU1297	1.33587528317332	9.39971177636059	1	1
272	OTU174	1.33528450332658	9.39945986345786	1	1
273	OTU448	1.33528450332658	9.39945986345786	1	1
274	OTU563	1.33528450332658	9.39945986345786	1	1
275	OTU893	1.33528450332658	9.39945986345786	1	1
276	OTU1022	1.33528450332658	9.39945986345786	1	1
277	OTU1238	1.33528450332658	9.39945986345786	1	1
278	OTU1382	1.33528450332658	9.39945986345786	1	1
279	OTU1759	1.33528450332658	9.39945986345786	1	1
280	OTU286	1.33516458083057	9.39940893757021	1	1
281	OTU334	1.33516458083057	9.39940893757021	1	1
282	OTU339	1.33516458083057	9.39940893757021	1	1
283	OTU398	1.33516458083057	9.39940893757021	1	1
284	OTU418	1.33516458083057	9.39940893757021	1	1
285	OTU431	1.33516458083057	9.39940893757021	1	1
286	OTU459	1.33516458083057	9.39940893757021	1	1
287	OTU465	1.33516458083057	9.39940893757021	1	1
288	OTU525	1.33516458083057	9.39940893757021	1	1
289	OTU548	1.33516458083057	9.39940893757021	1	1
290	OTU573	1.33516458083057	9.39940893757021	1	1
291	OTU582	1.33516458083057	9.39940893757021	1	1
292	OTU592	1.33516458083057	9.39940893757021	1	1
293	OTU600	1.33516458083057	9.39940893757021	1	1
294	OTU654	1.33516458083057	9.39940893757021	1	1
295	OTU671	1.33516458083057	9.39940893757021	1	1
296	OTU784	1.33516458083057	9.39940893757021	1	1
297	OTU813	1.33516458083057	9.39940893757021	1	1
298	OTU836	1.33516458083057	9.39940893757021	1	1
299	OTU849	1.33516458083057	9.39940893757021	1	1
300	OTU954	1.33516458083057	9.39940893757021	1	1
301	OTU960	1.33516458083057	9.39940893757021	1	1
302	OTU1104	1.33516458083057	9.39940893757021	1	1
303	OTU1195	1.33516458083057	9.39940893757021	1	1
304	OTU1298	1.33516458083057	9.39940893757021	1	1
305	OTU1434	1.33516458083057	9.39940893757021	1	1
306	OTU1604	1.33516458083057	9.39940893757021	1	1
307	OTU1800	1.33516458083057	9.39940893757021	1	1
308	OTU1911	1.33516458083057	9.39940893757021	1	1
309	OTU2016	1.33516458083057	9.39940893757021	1	1
310	OTU2029	1.33516458083057	9.39940893757021	1	1
311	OTU2304	1.33516458083057	9.39940893757021	1	1
312	OTU261	1.33270623195586	9.39838030594569	1	1
313	OTU326	1.33270623195586	9.39838030594569	1	1
314	OTU348	1.33270623195586	9.39838030594569	1	1
315	OTU357	1.33270623195586	9.39838030594569	1	1
316	OTU392	1.33270623195586	9.39838030594569	1	1
317	OTU408	1.33270623195586	9.39838030594569	1	1
318	OTU415	1.33270623195586	9.39838030594569	1	1
319	OTU461	1.33270623195586	9.39838030594569	1	1
320	OTU475	1.33270623195586	9.39838030594569	1	1
321	OTU557	1.33270623195586	9.39838030594569	1	1
322	OTU561	1.33270623195586	9.39838030594569	1	1
323	OTU567	1.33270623195586	9.39838030594569	1	1
324	OTU596	1.33270623195586	9.39838030594569	1	1
325	OTU623	1.33270623195586	9.39838030594569	1	1
326	OTU645	1.33270623195586	9.39838030594569	1	1
327	OTU662	1.33270623195586	9.39838030594569	1	1
328	OTU685	1.33270623195586	9.39838030594569	1	1
329	OTU735	1.33270623195586	9.39838030594569	1	1
330	OTU742	1.33270623195586	9.39838030594569	1	1
331	OTU788	1.33270623195586	9.39838030594569	1	1
332	OTU870	1.33270623195586	9.39838030594569	1	1
333	OTU963	1.33270623195586	9.39838030594569	1	1
334	OTU1059	1.33270623195586	9.39838030594569	1	1
335	OTU1110	1.33270623195586	9.39838030594569	1	1
336	OTU1141	1.33270623195586	9.39838030594569	1	1
337	OTU1263	1.33270623195586	9.39838030594569	1	1
338	OTU1317	1.33270623195586	9.39838030594569	1	1
339	OTU1661	1.33270623195586	9.39838030594569	1	1
340	OTU1766	1.33270623195586	9.39838030594569	1	1
341	OTU1971	1.33270623195586	9.39838030594569	1	1
342	OTU2013	1.33270623195586	9.39838030594569	1	1
343	OTU2199	1.33270623195586	9.39838030594569	1	1
344	OTU321	1.33030749398108	9.39740397078954	1	1
345	OTU345	1.33030749398108	9.39740397078954	1	1
346	OTU387	1.33030749398108	9.39740397078954	1	1
347	OTU424	1.33030749398108	9.39740397078954	1	1
348	OTU443	1.33030749398108	9.39740397078954	1	1
349	OTU585	1.33030749398108	9.39740397078954	1	1
350	OTU710	1.33030749398108	9.39740397078954	1	1
351	OTU764	1.33030749398108	9.39740397078954	1	1
352	OTU880	1.33030749398108	9.39740397078954	1	1
353	OTU904	1.33030749398108	9.39740397078954	1	1
354	OTU936	1.33030749398108	9.39740397078954	1	1
355	OTU1171	1.33030749398108	9.39740397078954	1	1
356	OTU1266	1.33030749398108	9.39740397078954	1	1
357	OTU1340	1.33030749398108	9.39740397078954	1	1
358	OTU1424	1.33030749398108	9.39740397078954	1	1
359	OTU1526	1.33030749398108	9.39740397078954	1	1
360	OTU2014	1.33030749398108	9.39740397078954	1	1
361	OTU148	1.32929536923445	9.39699984713763	1	1
362	OTU257	1.32929536923445	9.39699984713763	1	1
363	OTU405	1.32929536923445	9.39699984713763	1	1
364	OTU478	1.32929536923445	9.39699984713763	1	1
365	OTU522	1.32929536923445	9.39699984713763	1	1
366	OTU524	1.32929536923445	9.39699984713763	1	1
367	OTU534	1.32929536923445	9.39699984713763	1	1
368	OTU554	1.32929536923445	9.39699984713763	1	1
369	OTU705	1.32929536923445	9.39699984713763	1	1
370	OTU862	1.32929536923445	9.39699984713763	1	1
371	OTU1005	1.32929536923445	9.39699984713763	1	1
372	OTU1036	1.32929536923445	9.39699984713763	1	1
373	OTU1058	1.32929536923445	9.39699984713763	1	1
374	OTU1076	1.32929536923445	9.39699984713763	1	1
375	OTU1087	1.32929536923445	9.39699984713763	1	1
376	OTU1254	1.32929536923445	9.39699984713763	1	1
377	OTU1286	1.32929536923445	9.39699984713763	1	1
378	OTU110	1.09379725698506	10.1054124989456	0.225043006230735	1
379	OTU92	1.0658320526167	9.65812531114532	0.380154705189284	1
380	OTU207	0.892967764515947	9.50950616280639	1	1
381	OTU990	0.886904910957803	9.51269116280309	1	1
382	OTU378	0.883648350036522	9.50967882817894	1	1
383	OTU2302	0.883301779602837	9.50976668063243	1	1
384	OTU268	0.882363376711119	9.50941971689255	1	1
385	OTU95	0.878469743713772	10.2216312208836	0.208134254283435	1
386	OTU1739	0.877556784343235	9.50742771026901	1	1
387	OTU720	0.876842532582703	9.50688584730387	1	1
388	OTU1209	0.726137078704321	9.61613333033446	0.691342342992215	1
389	OTU107	0.724911513867571	9.61785774885256	0.691342342992215	1
390	OTU175	0.718208655683294	9.61306218039551	1	1
391	OTU190	0.716207979867156	9.61201499541818	1	1
392	OTU278	0.715169697079443	9.61380037565347	1	1
393	OTU167	0.641992119031392	9.71373438417641	0.731017972992202	1
394	OTU63	0.636325784296829	9.70741323869246	0.691342342992215	1
395	OTU73	0.586189238090762	9.79136377075337	0.731017972992202	1
396	OTU638	0.566809933434015	9.79909758212729	1	1
397	OTU1308	0.543147611675989	9.88697286574121	0.557962066459476	1
398	OTU144	0.540094571525471	10.4009842960999	0.447330086996949	1
399	OTU41	0.412627001815673	10.6466298457496	0.528445521119758	1
400	OTU422	0.405709957114652	10.8158631673093	0.564473436001745	1
401	OTU123	0.289541246457739	9.75472388181739	1	1
402	OTU955	0.288386864821364	9.66581649861405	1	1
403	OTU2056	0.269043671475354	9.55823509374487	1	1
404	OTU183	0.268196338146773	9.56214974221787	1	1
405	OTU185	0.26257331823319	9.56380241755149	1	1
406	OTU1653	0.256401737255125	9.55922471690725	1	1
407	OTU187	0.25292142759572	9.56396647238522	1	1
408	OTU584	0.246193041046689	9.56122760924682	1	1
409	OTU472	0.210390772440048	9.45353770556177	1	1
410	OTU693	0.210390772440048	9.45353770556177	1	1
411	OTU520	0.209680070097297	9.45323579932309	1	1
412	OTU690	0.209680070097297	9.45323579932309	1	1
413	OTU1441	0.209680070097297	9.45323579932309	1	1
414	OTU675	0.207221721222594	9.45221114009589	1	1
415	OTU101	0.205686661231891	10.2505721787794	0.999999999999999	1
416	OTU293	0.205305699645237	9.45546491185943	1	1
417	OTU1829	0.205305699645237	9.45546491185943	1	1
418	OTU502	0.205022237529424	9.45560733102172	1	1
419	OTU486	0.204822983247812	9.45123972285032	1	1
420	OTU314	0.20381085850118	9.45083796099922	1	1
421	OTU374	0.20288851698471	9.45669958060218	1	1
422	OTU1341	0.20272742827452	9.45438821800338	1	1
423	OTU1437	0.20272742827452	9.45438821800338	1	1
424	OTU312	0.202443966158707	9.4545305499275	1	1
425	OTU423	0.200919790881985	9.45530659625549	1	1
426	OTU1634	0.200919790881985	9.45530659625549	1	1
427	OTU1100	0.199316565553107	9.45301349592374	1	1
428	OTU455	0.197925880698614	9.45464145533206	1	1
429	OTU743	0.197925880698614	9.45464145533206	1	1
430	OTU533	0.197911507639211	9.45464892561093	1	1
431	OTU896	0.197911507639211	9.45464892561093	1	1
432	OTU434	0.19689938289258	9.45424645245197	1	1
433	OTU49	0.193756032605812	10.3152251120396	1	1
434	OTU44	0.149089030340331	10.6095613664438	1	1
435	OTU75	0.092415799114578	9.95994840047075	1	1
436	OTU61	0.0872169907862871	10.9420583195393	0.790136218363013	1
437	OTU138	0.0774902443262688	10.2103188734829	0.999999999999999	1
438	OTU70	0.0504451601743086	10.147174578102	1	1
439	OTU20	0	9.33868730210932	1	1
440	OTU71	0	9.33868730210932	1	1
441	OTU200	0	9.33868730210932	1	1
442	OTU203	0	9.33868730210932	1	1
443	OTU204	0	9.33868730210932	1	1
444	OTU212	0	9.33868730210932	1	1
445	OTU213	0	9.33868730210932	1	1
446	OTU214	0	9.33868730210932	1	1
447	OTU219	0	9.33868730210932	1	1
448	OTU226	0	9.33868730210932	1	1
449	OTU230	0	9.33868730210932	1	1
450	OTU232	0	9.33868730210932	1	1
451	OTU247	0	9.33868730210932	1	1
452	OTU256	0	9.33868730210932	1	1
453	OTU258	0	9.33868730210932	1	1
454	OTU265	0	9.33868730210932	1	1
455	OTU269	0	9.33868730210932	1	1
456	OTU272	0	9.33868730210932	1	1
457	OTU276	0	9.33868730210932	1	1
458	OTU280	0	9.33868730210932	1	1
459	OTU281	0	9.33868730210932	1	1
460	OTU284	0	9.33868730210932	1	1
461	OTU289	0	9.33868730210932	1	1
462	OTU302	0	9.33868730210932	1	1
463	OTU306	0	9.33868730210932	1	1
464	OTU311	0	9.33868730210932	1	1
465	OTU322	0	9.33868730210932	1	1
466	OTU329	0	9.33868730210932	1	1
467	OTU335	0	9.33868730210932	1	1
468	OTU337	0	9.33868730210932	1	1
469	OTU342	0	9.33868730210932	1	1
470	OTU361	0	9.33868730210932	1	1
471	OTU367	0	9.33868730210932	1	1
472	OTU368	0	9.33868730210932	1	1
473	OTU369	0	9.33868730210932	1	1
474	OTU377	0	9.33868730210932	1	1
475	OTU386	0	9.33868730210932	1	1
476	OTU399	0	9.33868730210932	1	1
477	OTU400	0	9.33868730210932	1	1
478	OTU401	0	9.33868730210932	1	1
479	OTU402	0	9.33868730210932	1	1
480	OTU409	0	9.33868730210932	1	1
481	OTU413	0	9.33868730210932	1	1
482	OTU419	0	9.33868730210932	1	1
483	OTU425	0	9.33868730210932	1	1
484	OTU428	0	9.33868730210932	1	1
485	OTU429	0	9.33868730210932	1	1
486	OTU435	0	9.33868730210932	1	1
487	OTU436	0	9.33868730210932	1	1
488	OTU447	0	9.33868730210932	1	1
489	OTU450	0	9.33868730210932	1	1
490	OTU453	0	9.33868730210932	1	1
491	OTU454	0	9.33868730210932	1	1
492	OTU456	0	9.33868730210932	1	1
493	OTU457	0	9.33868730210932	1	1
494	OTU462	0	9.33868730210932	1	1
495	OTU467	0	9.33868730210932	1	1
496	OTU468	0	9.33868730210932	1	1
497	OTU470	0	9.33868730210932	1	1
498	OTU471	0	9.33868730210932	1	1
499	OTU473	0	9.33868730210932	1	1
500	OTU479	0	9.33868730210932	1	1
501	OTU487	0	9.33868730210932	1	1
502	OTU488	0	9.33868730210932	1	1
503	OTU489	0	9.33868730210932	1	1
504	OTU490	0	9.33868730210932	1	1
505	OTU491	0	9.33868730210932	1	1
506	OTU494	0	9.33868730210932	1	1
507	OTU496	0	9.33868730210932	1	1
508	OTU497	0	9.33868730210932	1	1
509	OTU499	0	9.33868730210932	1	1
510	OTU500	0	9.33868730210932	1	1
511	OTU505	0	9.33868730210932	1	1
512	OTU506	0	9.33868730210932	1	1
513	OTU507	0	9.33868730210932	1	1
514	OTU511	0	9.33868730210932	1	1
515	OTU521	0	9.33868730210932	1	1
516	OTU526	0	9.33868730210932	1	1
517	OTU528	0	9.33868730210932	1	1
518	OTU529	0	9.33868730210932	1	1
519	OTU536	0	9.33868730210932	1	1
520	OTU538	0	9.33868730210932	1	1
521	OTU542	0	9.33868730210932	1	1
522	OTU549	0	9.33868730210932	1	1
523	OTU550	0	9.33868730210932	1	1
524	OTU555	0	9.33868730210932	1	1
525	OTU558	0	9.33868730210932	1	1
526	OTU560	0	9.33868730210932	1	1
527	OTU571	0	9.33868730210932	1	1
528	OTU572	0	9.33868730210932	1	1
529	OTU574	0	9.33868730210932	1	1
530	OTU579	0	9.33868730210932	1	1
531	OTU580	0	9.33868730210932	1	1
532	OTU583	0	9.33868730210932	1	1
533	OTU587	0	9.33868730210932	1	1
534	OTU590	0	9.33868730210932	1	1
535	OTU594	0	9.33868730210932	1	1
536	OTU601	0	9.33868730210932	1	1
537	OTU605	0	9.33868730210932	1	1
538	OTU606	0	9.33868730210932	1	1
539	OTU607	0	9.33868730210932	1	1
540	OTU609	0	9.33868730210932	1	1
541	OTU610	0	9.33868730210932	1	1
542	OTU612	0	9.33868730210932	1	1
543	OTU615	0	9.33868730210932	1	1
544	OTU619	0	9.33868730210932	1	1
545	OTU625	0	9.33868730210932	1	1
546	OTU627	0	9.33868730210932	1	1
547	OTU636	0	9.33868730210932	1	1
548	OTU640	0	9.33868730210932	1	1
549	OTU651	0	9.33868730210932	1	1
550	OTU657	0	9.33868730210932	1	1
551	OTU663	0	9.33868730210932	1	1
552	OTU668	0	9.33868730210932	1	1
553	OTU672	0	9.33868730210932	1	1
554	OTU676	0	9.33868730210932	1	1
555	OTU680	0	9.33868730210932	1	1
556	OTU684	0	9.33868730210932	1	1
557	OTU689	0	9.33868730210932	1	1
558	OTU695	0	9.33868730210932	1	1
559	OTU696	0	9.33868730210932	1	1
560	OTU703	0	9.33868730210932	1	1
561	OTU712	0	9.33868730210932	1	1
562	OTU719	0	9.33868730210932	1	1
563	OTU728	0	9.33868730210932	1	1
564	OTU732	0	9.33868730210932	1	1
565	OTU733	0	9.33868730210932	1	1
566	OTU737	0	9.33868730210932	1	1
567	OTU738	0	9.33868730210932	1	1
568	OTU739	0	9.33868730210932	1	1
569	OTU741	0	9.33868730210932	1	1
570	OTU747	0	9.33868730210932	1	1
571	OTU748	0	9.33868730210932	1	1
572	OTU750	0	9.33868730210932	1	1
573	OTU753	0	9.33868730210932	1	1
574	OTU757	0	9.33868730210932	1	1
575	OTU758	0	9.33868730210932	1	1
576	OTU763	0	9.33868730210932	1	1
577	OTU765	0	9.33868730210932	1	1
578	OTU768	0	9.33868730210932	1	1
579	OTU775	0	9.33868730210932	1	1
580	OTU776	0	9.33868730210932	1	1
581	OTU781	0	9.33868730210932	1	1
582	OTU783	0	9.33868730210932	1	1
583	OTU789	0	9.33868730210932	1	1
584	OTU792	0	9.33868730210932	1	1
585	OTU793	0	9.33868730210932	1	1
586	OTU794	0	9.33868730210932	1	1
587	OTU795	0	9.33868730210932	1	1
588	OTU798	0	9.33868730210932	1	1
589	OTU802	0	9.33868730210932	1	1
590	OTU807	0	9.33868730210932	1	1
591	OTU808	0	9.33868730210932	1	1
592	OTU809	0	9.33868730210932	1	1
593	OTU810	0	9.33868730210932	1	1
594	OTU814	0	9.33868730210932	1	1
595	OTU818	0	9.33868730210932	1	1
596	OTU821	0	9.33868730210932	1	1
597	OTU822	0	9.33868730210932	1	1
598	OTU827	0	9.33868730210932	1	1
599	OTU830	0	9.33868730210932	1	1
600	OTU842	0	9.33868730210932	1	1
601	OTU851	0	9.33868730210932	1	1
602	OTU857	0	9.33868730210932	1	1
603	OTU860	0	9.33868730210932	1	1
604	OTU861	0	9.33868730210932	1	1
605	OTU863	0	9.33868730210932	1	1
606	OTU865	0	9.33868730210932	1	1
607	OTU866	0	9.33868730210932	1	1
608	OTU867	0	9.33868730210932	1	1
609	OTU868	0	9.33868730210932	1	1
610	OTU872	0	9.33868730210932	1	1
611	OTU873	0	9.33868730210932	1	1
612	OTU874	0	9.33868730210932	1	1
613	OTU882	0	9.33868730210932	1	1
614	OTU883	0	9.33868730210932	1	1
615	OTU888	0	9.33868730210932	1	1
616	OTU890	0	9.33868730210932	1	1
617	OTU892	0	9.33868730210932	1	1
618	OTU894	0	9.33868730210932	1	1
619	OTU897	0	9.33868730210932	1	1
620	OTU899	0	9.33868730210932	1	1
621	OTU900	0	9.33868730210932	1	1
622	OTU902	0	9.33868730210932	1	1
623	OTU905	0	9.33868730210932	1	1
624	OTU912	0	9.33868730210932	1	1
625	OTU915	0	9.33868730210932	1	1
626	OTU917	0	9.33868730210932	1	1
627	OTU919	0	9.33868730210932	1	1
628	OTU920	0	9.33868730210932	1	1
629	OTU921	0	9.33868730210932	1	1
630	OTU925	0	9.33868730210932	1	1
631	OTU926	0	9.33868730210932	1	1
632	OTU928	0	9.33868730210932	1	1
633	OTU931	0	9.33868730210932	1	1
634	OTU935	0	9.33868730210932	1	1
635	OTU940	0	9.33868730210932	1	1
636	OTU946	0	9.33868730210932	1	1
637	OTU947	0	9.33868730210932	1	1
638	OTU950	0	9.33868730210932	1	1
639	OTU951	0	9.33868730210932	1	1
640	OTU952	0	9.33868730210932	1	1
641	OTU953	0	9.33868730210932	1	1
642	OTU956	0	9.33868730210932	1	1
643	OTU959	0	9.33868730210932	1	1
644	OTU962	0	9.33868730210932	1	1
645	OTU964	0	9.33868730210932	1	1
646	OTU968	0	9.33868730210932	1	1
647	OTU981	0	9.33868730210932	1	1
648	OTU992	0	9.33868730210932	1	1
649	OTU996	0	9.33868730210932	1	1
650	OTU1000	0	9.33868730210932	1	1
651	OTU1002	0	9.33868730210932	1	1
652	OTU1004	0	9.33868730210932	1	1
653	OTU1006	0	9.33868730210932	1	1
654	OTU1010	0	9.33868730210932	1	1
655	OTU1017	0	9.33868730210932	1	1
656	OTU1023	0	9.33868730210932	1	1
657	OTU1024	0	9.33868730210932	1	1
658	OTU1025	0	9.33868730210932	1	1
659	OTU1027	0	9.33868730210932	1	1
660	OTU1029	0	9.33868730210932	1	1
661	OTU1033	0	9.33868730210932	1	1
662	OTU1034	0	9.33868730210932	1	1
663	OTU1050	0	9.33868730210932	1	1
664	OTU1054	0	9.33868730210932	1	1
665	OTU1060	0	9.33868730210932	1	1
666	OTU1065	0	9.33868730210932	1	1
667	OTU1066	0	9.33868730210932	1	1
668	OTU1071	0	9.33868730210932	1	1
669	OTU1081	0	9.33868730210932	1	1
670	OTU1083	0	9.33868730210932	1	1
671	OTU1089	0	9.33868730210932	1	1
672	OTU1090	0	9.33868730210932	1	1
673	OTU1097	0	9.33868730210932	1	1
674	OTU1102	0	9.33868730210932	1	1
675	OTU1103	0	9.33868730210932	1	1
676	OTU1107	0	9.33868730210932	1	1
677	OTU1112	0	9.33868730210932	1	1
678	OTU1114	0	9.33868730210932	1	1
679	OTU1115	0	9.33868730210932	1	1
680	OTU1116	0	9.33868730210932	1	1
681	OTU1119	0	9.33868730210932	1	1
682	OTU1127	0	9.33868730210932	1	1
683	OTU1131	0	9.33868730210932	1	1
684	OTU1132	0	9.33868730210932	1	1
685	OTU1133	0	9.33868730210932	1	1
686	OTU1144	0	9.33868730210932	1	1
687	OTU1145	0	9.33868730210932	1	1
688	OTU1150	0	9.33868730210932	1	1
689	OTU1151	0	9.33868730210932	1	1
690	OTU1162	0	9.33868730210932	1	1
691	OTU1168	0	9.33868730210932	1	1
692	OTU1174	0	9.33868730210932	1	1
693	OTU1184	0	9.33868730210932	1	1
694	OTU1187	0	9.33868730210932	1	1
695	OTU1197	0	9.33868730210932	1	1
696	OTU1198	0	9.33868730210932	1	1
697	OTU1199	0	9.33868730210932	1	1
698	OTU1205	0	9.33868730210932	1	1
699	OTU1210	0	9.33868730210932	1	1
700	OTU1212	0	9.33868730210932	1	1
701	OTU1216	0	9.33868730210932	1	1
702	OTU1218	0	9.33868730210932	1	1
703	OTU1221	0	9.33868730210932	1	1
704	OTU1227	0	9.33868730210932	1	1
705	OTU1229	0	9.33868730210932	1	1
706	OTU1231	0	9.33868730210932	1	1
707	OTU1232	0	9.33868730210932	1	1
708	OTU1235	0	9.33868730210932	1	1
709	OTU1237	0	9.33868730210932	1	1
710	OTU1240	0	9.33868730210932	1	1
711	OTU1244	0	9.33868730210932	1	1
712	OTU1245	0	9.33868730210932	1	1
713	OTU1247	0	9.33868730210932	1	1
714	OTU1248	0	9.33868730210932	1	1
715	OTU1264	0	9.33868730210932	1	1
716	OTU1267	0	9.33868730210932	1	1
717	OTU1268	0	9.33868730210932	1	1
718	OTU1273	0	9.33868730210932	1	1
719	OTU1274	0	9.33868730210932	1	1
720	OTU1275	0	9.33868730210932	1	1
721	OTU1291	0	9.33868730210932	1	1
722	OTU1292	0	9.33868730210932	1	1
723	OTU1293	0	9.33868730210932	1	1
724	OTU1294	0	9.33868730210932	1	1
725	OTU1299	0	9.33868730210932	1	1
726	OTU1311	0	9.33868730210932	1	1
727	OTU1314	0	9.33868730210932	1	1
728	OTU1322	0	9.33868730210932	1	1
729	OTU1327	0	9.33868730210932	1	1
730	OTU1333	0	9.33868730210932	1	1
731	OTU1334	0	9.33868730210932	1	1
732	OTU1344	0	9.33868730210932	1	1
733	OTU1345	0	9.33868730210932	1	1
734	OTU1358	0	9.33868730210932	1	1
735	OTU1369	0	9.33868730210932	1	1
736	OTU1375	0	9.33868730210932	1	1
737	OTU1383	0	9.33868730210932	1	1
738	OTU1396	0	9.33868730210932	1	1
739	OTU1405	0	9.33868730210932	1	1
740	OTU1408	0	9.33868730210932	1	1
741	OTU1409	0	9.33868730210932	1	1
742	OTU1422	0	9.33868730210932	1	1
743	OTU1439	0	9.33868730210932	1	1
744	OTU1450	0	9.33868730210932	1	1
745	OTU1452	0	9.33868730210932	1	1
746	OTU1453	0	9.33868730210932	1	1
747	OTU1461	0	9.33868730210932	1	1
748	OTU1462	0	9.33868730210932	1	1
749	OTU1475	0	9.33868730210932	1	1
750	OTU1476	0	9.33868730210932	1	1
751	OTU1479	0	9.33868730210932	1	1
752	OTU1490	0	9.33868730210932	1	1
753	OTU1492	0	9.33868730210932	1	1
754	OTU1497	0	9.33868730210932	1	1
755	OTU1499	0	9.33868730210932	1	1
756	OTU1502	0	9.33868730210932	1	1
757	OTU1505	0	9.33868730210932	1	1
758	OTU1506	0	9.33868730210932	1	1
759	OTU1515	0	9.33868730210932	1	1
760	OTU1518	0	9.33868730210932	1	1
761	OTU1529	0	9.33868730210932	1	1
762	OTU1537	0	9.33868730210932	1	1
763	OTU1538	0	9.33868730210932	1	1
764	OTU1540	0	9.33868730210932	1	1
765	OTU1543	0	9.33868730210932	1	1
766	OTU1547	0	9.33868730210932	1	1
767	OTU1548	0	9.33868730210932	1	1
768	OTU1559	0	9.33868730210932	1	1
769	OTU1563	0	9.33868730210932	1	1
770	OTU1569	0	9.33868730210932	1	1
771	OTU1571	0	9.33868730210932	1	1
772	OTU1575	0	9.33868730210932	1	1
773	OTU1578	0	9.33868730210932	1	1
774	OTU1585	0	9.33868730210932	1	1
775	OTU1610	0	9.33868730210932	1	1
776	OTU1617	0	9.33868730210932	1	1
777	OTU1621	0	9.33868730210932	1	1
778	OTU1623	0	9.33868730210932	1	1
779	OTU1632	0	9.33868730210932	1	1
780	OTU1633	0	9.33868730210932	1	1
781	OTU1635	0	9.33868730210932	1	1
782	OTU1636	0	9.33868730210932	1	1
783	OTU1642	0	9.33868730210932	1	1
784	OTU1670	0	9.33868730210932	1	1
785	OTU1679	0	9.33868730210932	1	1
786	OTU1686	0	9.33868730210932	1	1
787	OTU1690	0	9.33868730210932	1	1
788	OTU1692	0	9.33868730210932	1	1
789	OTU1696	0	9.33868730210932	1	1
790	OTU1704	0	9.33868730210932	1	1
791	OTU1706	0	9.33868730210932	1	1
792	OTU1710	0	9.33868730210932	1	1
793	OTU1711	0	9.33868730210932	1	1
794	OTU1715	0	9.33868730210932	1	1
795	OTU1722	0	9.33868730210932	1	1
796	OTU1727	0	9.33868730210932	1	1
797	OTU1733	0	9.33868730210932	1	1
798	OTU1734	0	9.33868730210932	1	1
799	OTU1749	0	9.33868730210932	1	1
800	OTU1752	0	9.33868730210932	1	1
801	OTU1764	0	9.33868730210932	1	1
802	OTU1772	0	9.33868730210932	1	1
803	OTU1788	0	9.33868730210932	1	1
804	OTU1791	0	9.33868730210932	1	1
805	OTU1808	0	9.33868730210932	1	1
806	OTU1826	0	9.33868730210932	1	1
807	OTU1833	0	9.33868730210932	1	1
808	OTU1841	0	9.33868730210932	1	1
809	OTU1847	0	9.33868730210932	1	1
810	OTU1849	0	9.33868730210932	1	1
811	OTU1855	0	9.33868730210932	1	1
812	OTU1860	0	9.33868730210932	1	1
813	OTU1863	0	9.33868730210932	1	1
814	OTU1872	0	9.33868730210932	1	1
815	OTU1876	0	9.33868730210932	1	1
816	OTU1881	0	9.33868730210932	1	1
817	OTU1885	0	9.33868730210932	1	1
818	OTU1888	0	9.33868730210932	1	1
819	OTU1892	0	9.33868730210932	1	1
820	OTU1896	0	9.33868730210932	1	1
821	OTU1904	0	9.33868730210932	1	1
822	OTU1925	0	9.33868730210932	1	1
823	OTU1933	0	9.33868730210932	1	1
824	OTU1938	0	9.33868730210932	1	1
825	OTU1942	0	9.33868730210932	1	1
826	OTU1945	0	9.33868730210932	1	1
827	OTU1960	0	9.33868730210932	1	1
828	OTU1961	0	9.33868730210932	1	1
829	OTU1964	0	9.33868730210932	1	1
830	OTU1984	0	9.33868730210932	1	1
831	OTU1988	0	9.33868730210932	1	1
832	OTU1991	0	9.33868730210932	1	1
833	OTU1997	0	9.33868730210932	1	1
834	OTU1999	0	9.33868730210932	1	1
835	OTU2005	0	9.33868730210932	1	1
836	OTU2010	0	9.33868730210932	1	1
837	OTU2018	0	9.33868730210932	1	1
838	OTU2028	0	9.33868730210932	1	1
839	OTU2031	0	9.33868730210932	1	1
840	OTU2032	0	9.33868730210932	1	1
841	OTU2034	0	9.33868730210932	1	1
842	OTU2040	0	9.33868730210932	1	1
843	OTU2042	0	9.33868730210932	1	1
844	OTU2044	0	9.33868730210932	1	1
845	OTU2049	0	9.33868730210932	1	1
846	OTU2053	0	9.33868730210932	1	1
847	OTU2054	0	9.33868730210932	1	1
848	OTU2059	0	9.33868730210932	1	1
849	OTU2060	0	9.33868730210932	1	1
850	OTU2064	0	9.33868730210932	1	1
851	OTU2065	0	9.33868730210932	1	1
852	OTU2066	0	9.33868730210932	1	1
853	OTU2075	0	9.33868730210932	1	1
854	OTU2076	0	9.33868730210932	1	1
855	OTU2087	0	9.33868730210932	1	1
856	OTU2088	0	9.33868730210932	1	1
857	OTU2091	0	9.33868730210932	1	1
858	OTU2096	0	9.33868730210932	1	1
859	OTU2105	0	9.33868730210932	1	1
860	OTU2130	0	9.33868730210932	1	1
861	OTU2131	0	9.33868730210932	1	1
862	OTU2136	0	9.33868730210932	1	1
863	OTU2148	0	9.33868730210932	1	1
864	OTU2150	0	9.33868730210932	1	1
865	OTU2152	0	9.33868730210932	1	1
866	OTU2167	0	9.33868730210932	1	1
867	OTU2187	0	9.33868730210932	1	1
868	OTU2188	0	9.33868730210932	1	1
869	OTU2189	0	9.33868730210932	1	1
870	OTU2198	0	9.33868730210932	1	1
871	OTU2202	0	9.33868730210932	1	1
872	OTU2205	0	9.33868730210932	1	1
873	OTU2239	0	9.33868730210932	1	1
874	OTU2247	0	9.33868730210932	1	1
875	OTU2251	0	9.33868730210932	1	1
876	OTU2255	0	9.33868730210932	1	1
877	OTU2256	0	9.33868730210932	1	1
878	OTU2257	0	9.33868730210932	1	1
879	OTU2258	0	9.33868730210932	1	1
880	OTU2268	0	9.33868730210932	1	1
881	OTU2269	0	9.33868730210932	1	1
882	OTU2270	0	9.33868730210932	1	1
883	OTU2273	0	9.33868730210932	1	1
884	OTU2278	0	9.33868730210932	1	1
885	OTU2286	0	9.33868730210932	1	1
886	OTU2289	0	9.33868730210932	1	1
887	OTU2290	0	9.33868730210932	1	1
888	OTU2298	0	9.33868730210932	1	1
889	OTU2305	0	9.33868730210932	1	1
890	OTU2310	0	9.33868730210932	1	1
891	OTU109	-0.0143402288356019	10.0686364167747	1	1
892	OTU76	-0.0340448691122911	9.69921407139272	1	1
893	OTU137	-0.0368243332530856	9.70801125615752	1	1
894	OTU3	-0.131264203111274	14.7617752977057	0.531396083627683	1
895	OTU396	-0.161064020377676	9.60647730122081	1	1
896	OTU288	-0.177724908943796	9.61186901361899	1	1
897	OTU383	-0.179140882314933	9.61247717149353	1	1
898	OTU362	-0.17994148581648	9.61515526330977	1	1
899	OTU307	-0.18029183040836	9.61088881695835	1	1
900	OTU169	-0.182663298922086	9.60992721598176	1	1
901	OTU58	-0.184198329150749	10.8434410692646	0.779357058394678	1
902	OTU139	-0.208880765458046	9.8401253555543	1	1
903	OTU1517	-0.214749139674055	10.2162661666015	0.830728911965134	1
904	OTU1857	-0.225554670689248	10.037155716942	0.796393720673664	1
905	OTU16	-0.261753098209139	14.1265833139185	0.18219561390701	1
906	OTU132	-0.31659044689882	9.75017145306342	1	1
907	OTU37	-0.331505733008945	11.8254138005381	0.292897677599915	1
908	OTU180	-0.335881410985635	9.75758410734207	0.731017972992202	1
909	OTU81	-0.377579553530946	10.67894385724	0.343610619175834	1
910	OTU1909	-0.381038534895163	10.4196699389819	0.704490781210613	1
911	OTU77	-0.383900848358547	10.5598942994584	0.499844457535962	1
912	OTU165	-0.393421215612797	9.88946070094771	0.999999999999999	1
913	OTU197	-0.414256260335859	9.50393863473782	1	1
914	OTU365	-0.418967407209349	9.50624131697868	1	1
915	OTU233	-0.420552374628996	9.50933707136945	1	1
916	OTU731	-0.421081003904677	9.50732716797738	1	1
917	OTU426	-0.421234661065151	9.50956979874517	1	1
918	OTU384	-0.421366145184131	9.50527358732028	1	1
919	OTU752	-0.426091747914635	9.50757762690354	1	1
920	OTU1282	-0.426541508721127	9.50689418854023	1	1
921	OTU244	-0.427314908539548	9.51039939642123	1	1
922	OTU323	-0.428942454572092	9.50812195201919	1	1
923	OTU303	-0.430320801236275	9.50974392425796	1	1
924	OTU391	-0.430320801236275	9.50974392425796	1	1
925	OTU790	-0.435767514160881	9.99981810635368	0.796393720673664	1
926	OTU38	-0.483007207586416	10.4528669669089	0.466362921239522	1
927	OTU446	-0.509898986029399	9.65510024060049	1	1
928	OTU168	-0.510431597520473	9.65879957970373	1	1
929	OTU309	-0.514206599129865	9.65937826634061	0.691342342992215	1
930	OTU298	-0.521354861305622	9.66202015007782	0.691342342992215	1
931	OTU62	-0.545158234209441	10.3136724863863	0.307625298018304	1
932	OTU211	-0.547292230221057	9.80190368373818	1	1
933	OTU135	-0.55451879155641	9.79978027789294	0.515832351385966	1
934	OTU56	-0.658590902282092	10.7514564292234	0.291259604020128	1
935	OTU145	-0.699199362462324	10.1783442331637	0.49664663368488	1
936	OTU1407	-0.781616178488398	9.71091864197155	0.459849100236376	1
937	OTU172	-0.782310055281869	9.70077283599671	0.691342342992215	1
938	OTU260	-0.787006055242873	9.71390346515969	0.459849100236376	1
939	OTU121	-0.788549845683153	9.70479024543839	0.691342342992215	1
940	OTU532	-0.791199373272526	9.71129659661599	0.459849100236376	1
941	OTU40	-0.848345346708761	9.98458422765815	0.399462409014667	1
942	OTU300	-0.854209758782694	9.56115132669655	0.628092823113571	1
943	OTU149	-0.856452518548915	10.00415999777	0.437254866861932	1
944	OTU201	-0.857966443412407	9.56013553548265	0.628092823113571	1
945	OTU358	-0.858599614213198	9.55826844720838	0.628092823113571	1
946	OTU714	-0.863279597857452	9.56055956030132	0.628092823113571	1
947	OTU1614	-0.866401030401019	9.56124334205167	0.628092823113571	1
948	OTU266	-0.917632894105211	9.87584247648646	0.353794985718618	1
949	OTU85	-0.942880955745862	10.3738678159528	0.171571629518983	1
950	OTU222	-1.01701822909051	9.75334431911852	0.459849100236376	1
951	OTU163	-1.11362811639877	10.0813399869453	0.225043006230735	1
952	OTU316	-1.12548451073327	9.39481890073168	1	1
953	OTU420	-1.12548451073327	9.39481890073168	1	1
954	OTU432	-1.12548451073327	9.39481890073168	1	1
955	OTU440	-1.12548451073327	9.39481890073168	1	1
956	OTU477	-1.12548451073327	9.39481890073168	1	1
957	OTU482	-1.12548451073327	9.39481890073168	1	1
958	OTU501	-1.12548451073327	9.39481890073168	1	1
959	OTU537	-1.12548451073327	9.39481890073168	1	1
960	OTU545	-1.12548451073327	9.39481890073168	1	1
961	OTU576	-1.12548451073327	9.39481890073168	1	1
962	OTU603	-1.12548451073327	9.39481890073168	1	1
963	OTU644	-1.12548451073327	9.39481890073168	1	1
964	OTU697	-1.12548451073327	9.39481890073168	1	1
965	OTU716	-1.12548451073327	9.39481890073168	1	1
966	OTU754	-1.12548451073327	9.39481890073168	1	1
967	OTU766	-1.12548451073327	9.39481890073168	1	1
968	OTU869	-1.12548451073327	9.39481890073168	1	1
969	OTU876	-1.12548451073327	9.39481890073168	1	1
970	OTU903	-1.12548451073327	9.39481890073168	1	1
971	OTU1003	-1.12548451073327	9.39481890073168	1	1
972	OTU1056	-1.12548451073327	9.39481890073168	1	1
973	OTU1091	-1.12548451073327	9.39481890073168	1	1
974	OTU1155	-1.12548451073327	9.39481890073168	1	1
975	OTU1234	-1.12548451073327	9.39481890073168	1	1
976	OTU1443	-1.12548451073327	9.39481890073168	1	1
977	OTU1656	-1.12548451073327	9.39481890073168	1	1
978	OTU2051	-1.12548451073327	9.39481890073168	1	1
979	OTU2083	-1.12548451073327	9.39481890073168	1	1
980	OTU2163	-1.12548451073327	9.39481890073168	1	1
981	OTU2282	-1.12548451073327	9.39481890073168	1	1
982	OTU23	-1.12997880368134	9.39700827208657	1	1
983	OTU240	-1.12997880368134	9.39700827208657	1	1
984	OTU301	-1.12997880368134	9.39700827208657	1	1
985	OTU320	-1.12997880368134	9.39700827208657	1	1
986	OTU355	-1.12997880368134	9.39700827208657	1	1
987	OTU390	-1.12997880368134	9.39700827208657	1	1
988	OTU395	-1.12997880368134	9.39700827208657	1	1
989	OTU438	-1.12997880368134	9.39700827208657	1	1
990	OTU444	-1.12997880368134	9.39700827208657	1	1
991	OTU547	-1.12997880368134	9.39700827208657	1	1
992	OTU581	-1.12997880368134	9.39700827208657	1	1
993	OTU670	-1.12997880368134	9.39700827208657	1	1
994	OTU683	-1.12997880368134	9.39700827208657	1	1
995	OTU740	-1.12997880368134	9.39700827208657	1	1
996	OTU852	-1.12997880368134	9.39700827208657	1	1
997	OTU856	-1.12997880368134	9.39700827208657	1	1
998	OTU859	-1.12997880368134	9.39700827208657	1	1
999	OTU877	-1.12997880368134	9.39700827208657	1	1
1000	OTU895	-1.12997880368134	9.39700827208657	1	1
1001	OTU971	-1.12997880368134	9.39700827208657	1	1
1002	OTU987	-1.12997880368134	9.39700827208657	1	1
1003	OTU1085	-1.12997880368134	9.39700827208657	1	1
1004	OTU1160	-1.12997880368134	9.39700827208657	1	1
1005	OTU1188	-1.12997880368134	9.39700827208657	1	1
1006	OTU1201	-1.12997880368134	9.39700827208657	1	1
1007	OTU1214	-1.12997880368134	9.39700827208657	1	1
1008	OTU1223	-1.12997880368134	9.39700827208657	1	1
1009	OTU1278	-1.12997880368134	9.39700827208657	1	1
1010	OTU1393	-1.12997880368134	9.39700827208657	1	1
1011	OTU1413	-1.12997880368134	9.39700827208657	1	1
1012	OTU1421	-1.12997880368134	9.39700827208657	1	1
1013	OTU1512	-1.12997880368134	9.39700827208657	1	1
1014	OTU1708	-1.12997880368134	9.39700827208657	1	1
1015	OTU1903	-1.12997880368134	9.39700827208657	1	1
1016	OTU2015	-1.12997880368134	9.39700827208657	1	1
1017	OTU308	-1.13026226579716	9.39715119895189	1	1
1018	OTU328	-1.13026226579716	9.39715119895189	1	1
1019	OTU352	-1.13026226579716	9.39715119895189	1	1
1020	OTU427	-1.13026226579716	9.39715119895189	1	1
1021	OTU451	-1.13026226579716	9.39715119895189	1	1
1022	OTU480	-1.13026226579716	9.39715119895189	1	1
1023	OTU493	-1.13026226579716	9.39715119895189	1	1
1024	OTU510	-1.13026226579716	9.39715119895189	1	1
1025	OTU531	-1.13026226579716	9.39715119895189	1	1
1026	OTU556	-1.13026226579716	9.39715119895189	1	1
1027	OTU577	-1.13026226579716	9.39715119895189	1	1
1028	OTU614	-1.13026226579716	9.39715119895189	1	1
1029	OTU646	-1.13026226579716	9.39715119895189	1	1
1030	OTU647	-1.13026226579716	9.39715119895189	1	1
1031	OTU688	-1.13026226579716	9.39715119895189	1	1
1032	OTU721	-1.13026226579716	9.39715119895189	1	1
1033	OTU724	-1.13026226579716	9.39715119895189	1	1
1034	OTU791	-1.13026226579716	9.39715119895189	1	1
1035	OTU840	-1.13026226579716	9.39715119895189	1	1
1036	OTU853	-1.13026226579716	9.39715119895189	1	1
1037	OTU1040	-1.13026226579716	9.39715119895189	1	1
1038	OTU1088	-1.13026226579716	9.39715119895189	1	1
1039	OTU1157	-1.13026226579716	9.39715119895189	1	1
1040	OTU1252	-1.13026226579716	9.39715119895189	1	1
1041	OTU1390	-1.13026226579716	9.39715119895189	1	1
1042	OTU1519	-1.13026226579716	9.39715119895189	1	1
1043	OTU205	-1.13178644107388	9.39793003864241	1	1
1044	OTU333	-1.13178644107388	9.39793003864241	1	1
1045	OTU354	-1.13178644107388	9.39793003864241	1	1
1046	OTU375	-1.13178644107388	9.39793003864241	1	1
1047	OTU407	-1.13178644107388	9.39793003864241	1	1
1048	OTU417	-1.13178644107388	9.39793003864241	1	1
1049	OTU433	-1.13178644107388	9.39793003864241	1	1
1050	OTU495	-1.13178644107388	9.39793003864241	1	1
1051	OTU616	-1.13178644107388	9.39793003864241	1	1
1052	OTU632	-1.13178644107388	9.39793003864241	1	1
1053	OTU666	-1.13178644107388	9.39793003864241	1	1
1054	OTU831	-1.13178644107388	9.39793003864241	1	1
1055	OTU841	-1.13178644107388	9.39793003864241	1	1
1056	OTU878	-1.13178644107388	9.39793003864241	1	1
1057	OTU1037	-1.13178644107388	9.39793003864241	1	1
1058	OTU1130	-1.13178644107388	9.39793003864241	1	1
1059	OTU631	-1.13238161328247	9.39823897976524	1	1
1060	OTU778	-1.13238161328247	9.39823897976524	1	1
1061	OTU801	-1.13238161328247	9.39823897976524	1	1
1062	OTU913	-1.13238161328247	9.39823897976524	1	1
1063	OTU1015	-1.13238161328247	9.39823897976524	1	1
1064	OTU2299	-1.13238161328247	9.39823897976524	1	1
1065	OTU2308	-1.13238161328247	9.39823897976524	1	1
1066	OTU313	-1.13239598634187	9.39824647449706	1	1
1067	OTU360	-1.13239598634187	9.39824647449706	1	1
1068	OTU403	-1.13239598634187	9.39824647449706	1	1
1069	OTU474	-1.13239598634187	9.39824647449706	1	1
1070	OTU512	-1.13239598634187	9.39824647449706	1	1
1071	OTU664	-1.13239598634187	9.39824647449706	1	1
1072	OTU674	-1.13239598634187	9.39824647449706	1	1
1073	OTU678	-1.13239598634187	9.39824647449706	1	1
1074	OTU805	-1.13239598634187	9.39824647449706	1	1
1075	OTU832	-1.13239598634187	9.39824647449706	1	1
1076	OTU1039	-1.13239598634187	9.39824647449706	1	1
1077	OTU1258	-1.13239598634187	9.39824647449706	1	1
1078	OTU1388	-1.13239598634187	9.39824647449706	1	1
1079	OTU1392	-1.13239598634187	9.39824647449706	1	1
1080	OTU296	-1.18172974498469	9.60299786366008	0.628092823113571	1
1081	OTU231	-1.1918482070873	9.61250699236112	0.380154705189284	1
1082	OTU271	-1.1943809001866	9.61140665061365	0.380154705189284	1
1083	OTU1099	-1.19642311174211	9.79506384597646	0.297147776582878	1
1084	OTU198	-1.19732576290977	9.61292335635668	0.380154705189284	1
1085	OTU504	-1.19733994356693	9.61293075950022	0.380154705189284	1
1086	OTU274	-1.20399108811572	9.79434333807414	0.297147776582878	1
1087	OTU177	-1.20413175055519	9.79900570777317	0.515832351385966	1
1088	OTU194	-1.20693986047348	9.79586471243279	0.297147776582878	1
1089	OTU129	-1.20708713213644	10.1066643066214	0.225043006230735	1
1090	OTU1542	-1.38054906005665	9.83850494114492	0.187805489181336	1
1091	OTU134	-1.46068441661184	9.65976999733841	0.380154705189284	1
1092	OTU371	-1.46805745938337	9.6612724308954	0.224560886287818	1
1093	OTU179	-1.47089473036772	9.66043793959332	0.224560886287818	1
1094	OTU217	-1.74696249229172	9.44867304518106	0.502074688796679	1
1095	OTU540	-1.74696249229172	9.44867304518106	0.502074688796679	1
1096	OTU546	-1.74696249229172	9.44867304518106	0.502074688796679	1
1097	OTU702	-1.74696249229172	9.44867304518106	0.502074688796679	1
1098	OTU826	-1.74696249229172	9.44867304518106	0.502074688796679	1
1099	OTU973	-1.74696249229172	9.44867304518106	0.502074688796679	1
1100	OTU2121	-1.74696249229172	9.44867304518106	0.502074688796679	1
1101	OTU484	-1.75139330020437	9.45084633476419	0.502074688796679	1
1102	OTU279	-1.75167363916521	9.45098840593494	0.502074688796679	1
1103	OTU290	-1.75167363916521	9.45098840593494	0.502074688796679	1
1104	OTU661	-1.75167363916521	9.45098840593494	0.502074688796679	1
1105	OTU939	-1.75167363916521	9.45098840593494	0.502074688796679	1
1106	OTU1011	-1.75167363916521	9.45098840593494	0.502074688796679	1
1107	OTU2215	-1.75167363916521	9.45098840593494	0.502074688796679	1
1108	OTU485	-1.75318282817566	9.45176300220922	0.502074688796679	1
1109	OTU641	-1.75318282817566	9.45176300220922	0.502074688796679	1
1110	OTU744	-1.75318282817566	9.45176300220922	0.502074688796679	1
1111	OTU252	-1.75378723586054	9.4520779167593	0.502074688796679	1
1112	OTU796	-1.75378723586054	9.4520779167593	0.502074688796679	1
1113	OTU819	-1.75378723586054	9.4520779167593	0.502074688796679	1
1114	OTU938	-1.75378723586054	9.4520779167593	0.502074688796679	1
1115	OTU445	-1.75583687795558	9.45302187881789	0.502074688796679	1
1116	OTU449	-1.75583687795558	9.45302187881789	0.502074688796679	1
1117	OTU660	-1.75583687795558	9.45302187881789	0.502074688796679	1
1118	OTU30	-1.75611803379849	9.45316410539935	0.502074688796679	1
1119	OTU229	-1.75611803379849	9.45316410539935	0.502074688796679	1
1120	OTU346	-1.75611803379849	9.45316410539935	0.502074688796679	1
1121	OTU518	-1.75611803379849	9.45316410539935	0.502074688796679	1
1122	OTU769	-1.75611803379849	9.45316410539935	0.502074688796679	1
1123	OTU1312	-1.75611803379849	9.45316410539935	0.502074688796679	1
1124	OTU1355	-1.75611803379849	9.45316410539935	0.502074688796679	1
1125	OTU630	-1.75639924189572	9.45330634266722	0.502074688796679	1
1126	OTU1384	-1.75639924189572	9.45330634266722	0.502074688796679	1
1127	OTU297	-1.75763163884159	9.45393956639417	0.502074688796679	1
1128	OTU552	-1.75763163884159	9.45393956639417	0.502074688796679	1
1129	OTU749	-1.75763163884159	9.45393956639417	0.502074688796679	1
1130	OTU906	-1.75763163884159	9.45393956639417	0.502074688796679	1
1131	OTU1055	-1.75763163884159	9.45393956639417	0.502074688796679	1
1132	OTU287	-1.75791312942088	9.45408186306747	0.502074688796679	1
1133	OTU503	-1.75791312942088	9.45408186306747	0.502074688796679	1
1134	OTU539	-1.75791312942088	9.45408186306747	0.502074688796679	1
1135	OTU324	-1.75822352426486	9.45424737227602	0.502074688796679	1
1136	OTU376	-1.75822352426486	9.45424737227602	0.502074688796679	1
1137	OTU629	-1.75822352426486	9.45424737227602	0.502074688796679	1
1138	OTU2252	-1.75823782380654	9.45425484091587	0.502074688796679	1
1139	OTU412	-1.75850512584541	9.45438969306417	0.502074688796679	1
1140	OTU463	-1.75850512584541	9.45438969306417	0.502074688796679	1
1141	OTU492	-1.75850512584541	9.45438969306417	0.502074688796679	1
1142	OTU708	-1.75850512584541	9.45438969306417	0.502074688796679	1
1143	OTU823	-1.75850512584541	9.45438969306417	0.502074688796679	1
1144	OTU330	-1.75851942807256	9.45439716229292	0.502074688796679	1
1145	OTU1370	-1.75942854401293	9.45485771358875	0.502074688796679	1
1146	OTU275	-1.76003545723982	9.4551731500418	0.502074688796679	1
1147	OTU679	-1.76003545723982	9.4551731500418	0.502074688796679	1
1148	OTU372	-1.76061397276845	9.4554736958286	0.502074688796679	1
1149	OTU466	-1.76061397276845	9.4554736958286	0.502074688796679	1
1150	OTU667	-1.76061397276845	9.4554736958286	0.502074688796679	1
1151	OTU759	-1.76062829521736	9.4554811696549	0.502074688796679	1
1152	OTU976	-1.76064261780427	9.45548864351359	0.502074688796679	1
1153	OTU131	-2.182147275468	9.50258093962547	0.502074688796679	1
1154	OTU442	-2.18242459036122	9.50272216963153	0.502074688796679	1
1155	OTU414	-2.18391925182751	9.50349259244116	0.502074688796679	1
1156	OTU1694	-2.18450452747256	9.50379858400652	0.253112033195021	1
1157	OTU181	-2.18451867289214	9.50380600993498	0.253112033195021	1
1158	OTU338	-2.18451867289214	9.50380600993498	0.253112033195021	1
1159	OTU575	-2.18451867289214	9.50380600993498	0.253112033195021	1
1160	OTU1062	-2.18451867289214	9.50380600993498	0.253112033195021	1
1161	OTU331	-2.18708522943612	9.50502341155748	0.253112033195021	1
1162	OTU347	-2.18708522943612	9.50502341155748	0.253112033195021	1
1163	OTU439	-2.18830597829121	9.505653287038	0.253112033195021	1
1164	OTU224	-2.18858439729684	9.50579473734022	0.253112033195021	1
1165	OTU267	-2.1891856371924	9.50610853128772	0.253112033195021	1
1166	OTU364	-2.19008504195601	9.50656638704133	0.253112033195021	1
1167	OTU404	-2.19008504195601	9.50656638704133	0.253112033195021	1
1168	OTU653	-2.19008504195601	9.50656638704133	0.253112033195021	1
1169	OTU1720	-2.19067267536827	9.50687287770796	0.253112033195021	1
1170	OTU551	-2.19128895434379	9.50719430073074	0.253112033195021	1
1171	OTU2306	-2.19330777530012	9.508130298757	0.253112033195021	1
1172	OTU1173	-2.19358709183853	9.50827192519268	0.253112033195021	1
1173	OTU1477	-2.19358709183853	9.50827192519268	0.253112033195021	1
1174	OTU234	-2.19386645907828	9.50841356210901	0.253112033195021	1
1175	OTU379	-2.19386645907828	9.50841356210901	0.253112033195021	1
1176	OTU171	-2.19535799664708	9.50917880421654	0.253112033195021	1
1177	OTU380	-2.19535799664708	9.50917880421654	0.253112033195021	1
1178	OTU259	-2.19537224247061	9.50918625133779	0.253112033195021	1
1179	OTU523	-2.19594764958356	9.50948571655922	0.253112033195021	1
1180	OTU682	-2.19594764958356	9.50948571655922	0.253112033195021	1
1181	OTU756	-2.19594764958356	9.50948571655922	0.253112033195021	1
1182	OTU158	-2.19597615253328	9.5095006134495	0.253112033195021	1
1183	OTU464	-2.19597615253328	9.5095006134495	0.253112033195021	1
1184	OTU746	-2.19687951481534	9.50995926520649	0.253112033195021	1
1185	OTU370	-2.19746976009335	9.51026631079337	0.253112033195021	1
1186	OTU589	-2.19807450794228	9.51058086296817	0.253112033195021	1
1187	OTU344	-2.50745238999828	9.55022475061691	0.253112033195021	1
1188	OTU373	-2.50745238999828	9.55022475061691	0.253112033195021	1
1189	OTU541	-2.51409834724492	9.55357803491209	0.253112033195021	1
1190	OTU483	-2.51663517536504	9.55479201905099	0.253112033195021	1
1191	OTU1514	-2.51812006810879	9.55555921879447	0.253112033195021	1
1192	OTU262	-2.52069435149744	9.55679788313466	0.253112033195021	1
1193	OTU67	-2.52097028380294	9.55693859236965	0.253112033195021	1
1194	OTU771	-2.52097028380294	9.55693859236965	0.253112033195021	1
1195	OTU803	-2.52097028380294	9.55693859236965	0.253112033195021	1
