	Geneid	log2(fc)	logCPM	pvalue	FDR
1	OTU6	11.0382227968746	16.4657628589427	2.3816731158282e-155	2.8460993734147e-152
2	OTU23	8.06092063416843	13.4803923719335	4.81944336371536e-63	2.87961740981993e-60
3	OTU11	4.03816774067709	14.9355230437312	9.33348313997204e-59	3.71783745075553e-56
4	OTU30	7.21605293442821	13.2715276704476	1.69857884637655e-57	5.07450430354993e-55
5	OTU20	8.9299575290966	13.2402156425438	8.49885051947609e-57	2.03122527415479e-54
6	OTU24	-5.01872684417558	13.9125038839276	2.1649375015918e-51	4.31183385733701e-49
7	OTU12	8.61380711704809	12.9463967779077	1.40454551095022e-49	2.39775983655073e-47
8	OTU21	-8.40930446543969	12.94968376036	4.1291224187399e-42	6.16787661299272e-40
9	OTU16	-3.20039946759611	13.4448565704198	1.40003686882463e-28	1.85893784249492e-26
10	OTU7	-2.26994159038327	15.4914299935622	4.08499410181354e-26	4.88156795166718e-24
11	OTU1896	6.65134534782773	11.2401986877747	1.94955670290292e-17	2.11792750906271e-15
12	OTU39	4.21818590744964	11.3174444196967	1.74221814204446e-16	1.73495889978594e-14
13	OTU28	2.81855500784684	12.2276497732405	2.55346830250821e-16	2.34722663192101e-14
14	OTU33	-2.74373838954045	12.3689210532637	1.75938819288731e-15	1.50176349321453e-13
15	OTU1	1.53936335568712	17.2173976423783	2.0895515822077e-15	1.66467609382547e-13
16	OTU13	-1.66417720125082	14.2528377379794	2.3456067000158e-14	1.7518750040743e-12
17	OTU1315	-6.32005306245511	11.2272007267789	2.74243579261765e-14	1.9277710424577e-12
18	OTU35	-2.45394673905344	12.069099131873	7.33443050943744e-12	4.86924692154319e-10
19	OTU46	3.25198171116991	11.1768793017397	7.74969435569102e-12	4.87414987107935e-10
20	OTU55	-2.37382252325866	12.0891228413322	1.82773389676169e-11	1.09207100331511e-09
21	OTU254	2.20050357086286	12.0517946239915	9.38861822192459e-11	5.34257084533328e-09
22	OTU96	-3.00108675894988	11.4974405243665	1.63991292219317e-10	8.90770882736743e-09
23	OTU25	-4.48901425178637	10.9148442808104	3.16387696063339e-10	1.64384042085083e-08
24	OTU47	-2.88306100817247	11.4123756832408	3.47562383237575e-10	1.73057103320376e-08
25	OTU34	-2.28264829491732	11.941544099757	5.07460136529779e-10	2.42565945261234e-08
26	OTU949	4.10435554375362	10.7172752352634	5.42728692050199e-10	2.49446456538457e-08
27	OTU71	5.62082800081764	10.5362696883305	1.62382245569658e-09	7.1869179057682e-08
28	OTU2046	-2.32293230337743	11.7005621152051	6.59490283493333e-09	2.8146103170519e-07
29	OTU336	-3.67898742221352	10.8575272930161	1.4419013361114e-08	5.94162791949352e-07
30	OTU14	-1.12987389491541	14.7903277179743	2.12517406437959e-08	8.46527668977869e-07
31	OTU48	-3.00843119510674	10.9770052664968	3.77806149049824e-08	1.45638176811142e-06
32	OTU10	1.31910171955638	13.3890087021854	4.5625711482307e-08	1.7038351631674e-06
33	OTU43	-1.63587837395761	12.2939672458014	9.16040396881608e-08	3.31717658870764e-06
34	OTU26	1.80836134546194	11.9222494389279	1.52039202031375e-07	5.34373077727921e-06
35	OTU120	-4.98021351326131	10.3792942188679	3.40259149299902e-07	1.16174195260966e-05
36	OTU116	-3.08987981251197	10.7966732695078	4.04829158293138e-07	1.34380790044528e-05
37	OTU908	4.9963583708871	10.2063065168362	6.25791302558559e-07	2.02113677447967e-05
38	OTU53	5.01012937301713	10.2146491905388	1.15462902303059e-06	3.53790175005526e-05
39	OTU2260	-4.92251170367406	10.3490283740505	1.15462902303059e-06	3.53790175005526e-05
40	OTU2207	2.57318449665008	10.9040193011906	1.4515840861253e-06	4.23083654370668e-05
41	OTU52	-2.5009709284438	11.0169956030882	1.4515840861253e-06	4.23083654370668e-05
42	OTU89	-4.8075623250798	10.2905440933032	2.13729202135448e-06	6.0811046798062e-05
43	OTU32	1.49679922147326	12.1404128654911	3.57696687971032e-06	9.9406405145438e-05
44	OTU114	4.00461073829455	10.299488528554	4.05217714166248e-06	0.000110053447370151
45	OTU3	0.910211654392147	15.2924034991577	7.32966516325501e-06	0.000194643330446439
46	OTU235	-4.41176350448546	10.1085139588634	2.59386468508625e-05	0.000673840934495233
47	OTU178	-2.33088073133352	10.7635860016098	2.69484642823036e-05	0.00068517903866708
48	OTU9	0.844031396283786	14.7377139665791	4.40155444813372e-05	0.00109580365948329
49	OTU656	1.10038671991366	12.2908073796257	7.956611183542e-05	0.00194043884986381
50	OTU98	-1.49427142376001	11.4716164197101	8.16798897309672e-05	0.00195214936457012
51	OTU64	-2.4572775709237	10.6740232221456	0.00010772052697438	0.00252403979871341
52	OTU49	2.05431333049151	11.0138262511861	0.000114704536080547	0.00263599847338948
53	OTU44	1.82384500233399	11.3066865367024	0.000160091994419345	0.00360962138360599
54	OTU103	4.34177457382212	9.93579617703309	0.000174817016255233	0.00386863582268524
55	OTU58	-2.9206565403346	10.435905275476	0.000181885732530479	0.0039518809158895
56	OTU164	-2.75420870078212	10.336554734963	0.000218961882601523	0.00467249017337179
57	OTU1308	2.39726358815053	10.4396026375446	0.000229960486997503	0.0048211014379301
58	OTU66	-2.31978582516665	10.5999493424635	0.00026947190112273	0.00555205037658038
59	OTU147	-2.44991032472642	10.4458748514266	0.000301917174578629	0.00611510209527901
60	OTU1270	-1.0458117543017	12.0239436803504	0.00034037039023859	0.00677904360558525
61	OTU15	0.974536605662168	12.6849396154092	0.000357052814380013	0.00699472316695272
62	OTU80	2.57669388656598	10.1941364347017	0.000375502219089913	0.00723750244858784
63	OTU228	-4.01657566406489	9.94678047943302	0.000634861795874267	0.0120422197788849
64	OTU422	1.37369815337225	11.181550063501	0.000787944711349159	0.0147124051572226
65	OTU81	-2.30039217591206	10.3806011809589	0.000827995405478744	0.0152223770699554
66	OTU45	-1.08549213410344	11.5189064915744	0.000941820899496044	0.0170526662863299
67	OTU242	-3.81052696936237	9.87767811021815	0.0012164145859881	0.0213766975037614
68	OTU238	-4.01138376708642	9.94393387498469	0.0012164145859881	0.0213766975037614
69	OTU93	-2.17622266414074	10.3237843148003	0.00136692435018305	0.023673544905344
70	OTU230	4.12353620220408	9.85212801485589	0.00233925881920788	0.0372721905193789
71	OTU263	-3.67672782684672	9.83283127393507	0.00233925881920788	0.0372721905193789
72	OTU273	-3.78708140443286	9.86517552559366	0.00233925881920788	0.0372721905193789
73	OTU159	-3.7945416639983	9.86910477586381	0.00233925881920788	0.0372721905193789
74	OTU140	-3.79772657740391	9.87078206079454	0.00233925881920788	0.0372721905193789
75	OTU1591	-3.79806267331774	9.87096168207774	0.00233925881920788	0.0372721905193789
76	OTU141	-2.84937334499012	10.0514490952081	0.0023830319584266	0.0374700419778919
77	OTU126	-2.40173170908404	10.1836942159215	0.00320486392201768	0.0497378232053394
78	OTU72	-1.61832196718305	10.3920726333687	0.00392683683752849	0.0593996205170449
79	OTU84	-2.16519234367507	10.3189588502361	0.00392683683752849	0.0593996205170449
80	OTU204	3.9990153977744	9.81188112248859	0.00451531353475009	0.0634799961650159
81	OTU113	3.89230613891717	9.78323285107569	0.00451531353475009	0.0634799961650159
82	OTU282	-3.65431387904229	9.82100098787529	0.00451531353475009	0.0634799961650159
83	OTU777	-3.66414516827729	9.82606460755003	0.00451531353475009	0.0634799961650159
84	OTU176	-3.66490949393235	9.82648791559748	0.00451531353475009	0.0634799961650159
85	OTU149	-3.66913307771734	9.82873441073044	0.00451531353475009	0.0634799961650159
86	OTU104	2.15956001656756	10.0434495351481	0.00544604802978726	0.0756747371580905
87	OTU677	2.10097510356934	10.1746575061195	0.00603838366725894	0.0829410170387865
88	OTU460	-2.54682117238213	9.94863626298766	0.00761349527724026	0.102226144452833
89	OTU191	-2.56289936848516	9.94914113969849	0.00761349527724026	0.102226144452833
90	OTU157	3.74104984120162	9.74093878421872	0.0087484199735783	0.116159576315845
91	OTU255	-1.39812146465059	10.4238244620593	0.00947882954772558	0.124474739665188
92	OTU123	2.14260141379198	10.1797860917896	0.00982667637013584	0.126267508196907
93	OTU166	-1.89010345201819	10.1887894948025	0.00982667637013584	0.126267508196907
94	OTU75	1.66642239288662	10.3717853890032	0.0134154799113625	0.167148483257009
95	OTU317	-2.31699003211859	9.87696939889944	0.0135677011514057	0.167148483257009
96	OTU208	-2.44607892170765	9.91023312532228	0.0135677011514057	0.167148483257009
97	OTU163	-2.54110165180336	9.94455157488497	0.0135677011514057	0.167148483257009
98	OTU41	1.16178641468003	10.8815537493117	0.0150387531463126	0.183380714386159
99	OTU85	-1.61256986269328	10.2587782809716	0.0154176990947486	0.186102529477016
100	OTU388	3.70910839074873	9.72760712535659	0.0170146435706602	0.188263880249434
101	OTU133	3.57581172747463	9.69940110540127	0.0170146435706602	0.188263880249434
102	OTU214	3.39169644855473	9.65878770186553	0.0170146435706602	0.188263880249434
103	OTU174	3.38476797365521	9.65599760807853	0.0170146435706602	0.188263880249434
104	OTU291	-3.36499302141927	9.73689749401446	0.0170146435706602	0.188263880249434
105	OTU150	-3.36740937199739	9.73814948114876	0.0170146435706602	0.188263880249434
106	OTU160	-3.36895310717851	9.73893699398512	0.0170146435706602	0.188263880249434
107	OTU170	-3.37041161472731	9.73971128167288	0.0170146435706602	0.188263880249434
108	OTU359	-3.37041755652608	9.73969247664949	0.0170146435706602	0.188263880249434
109	OTU42	1.42650569815283	10.4472486692245	0.0179848248617774	0.197173079906642
110	OTU481	-1.52417063752402	10.3634044013251	0.0220632467674442	0.23968708988269
111	OTU117	-2.30809359767203	9.8723673812891	0.0240998059746301	0.254860779997194
112	OTU119	-2.42044300250096	9.90352690236692	0.0240998059746301	0.254860779997194
113	OTU101	-2.42579928161305	9.90633248282182	0.0240998059746301	0.254860779997194
114	OTU212	3.54409743041598	9.68632640955434	0.0332190660189079	0.300733211307538
115	OTU280	3.53707403859648	9.68341945576545	0.0332190660189079	0.300733211307538
116	OTU193	3.37447203307236	9.6517865831473	0.0332190660189079	0.300733211307538
117	OTU289	3.15728526230566	9.60952310594717	0.0332190660189079	0.300733211307538
118	OTU227	3.15446508488843	9.60834600632514	0.0332190660189079	0.300733211307538
119	OTU251	3.14826983759696	9.60589417352461	0.0332190660189079	0.300733211307538
120	OTU36	-0.541501223485349	12.136969374437	0.0327897361089532	0.300733211307538
121	OTU94	-1.34513911019525	10.4188507033787	0.0295947451643817	0.300733211307538
122	OTU155	-3.00348927615728	9.64886914818214	0.0332190660189079	0.300733211307538
123	OTU1222	-3.00644399317963	9.65047068918446	0.0332190660189079	0.300733211307538
124	OTU1516	-3.00849075776537	9.65156907346842	0.0332190660189079	0.300733211307538
125	OTU270	-3.18162671765266	9.68612803760246	0.0332190660189079	0.300733211307538
126	OTU351	-3.18283266342952	9.6867645112488	0.0332190660189079	0.300733211307538
127	OTU382	-3.18317283305906	9.68694604257627	0.0332190660189079	0.300733211307538
128	OTU216	-3.18361523532166	9.68715358838212	0.0332190660189079	0.300733211307538
129	OTU194	-3.18482261918048	9.68779037573736	0.0332190660189079	0.300733211307538
130	OTU165	-3.19275186056515	9.69193135499014	0.0332190660189079	0.300733211307538
131	OTU177	-3.19534319515413	9.69327516207899	0.0332190660189079	0.300733211307538
132	OTU161	-3.19915228990848	9.69525371602796	0.0332190660189079	0.300733211307538
133	OTU136	-1.97470453565648	10.0295051138624	0.040818867695637	0.3667559917014
134	OTU82	2.02128825718989	9.83185623225671	0.0426132714842041	0.380021338982268
135	OTU63	1.76339029359078	9.92146152470916	0.043338730522233	0.380807227750504
136	OTU283	-1.76091402123837	9.94584593805176	0.043338730522233	0.380807227750504
137	OTU1564	1.04961443833284	10.5291628517489	0.0559600366400354	0.488118567772571
138	OTU443	3.13547536238267	9.60066122316753	0.0651093693970597	0.532915728969084
139	OTU145	-1.17395664793291	10.0842962550656	0.0645536941836753	0.532915728969084
140	OTU239	-2.77239176863033	9.5985476022273	0.0651093693970597	0.532915728969084
141	OTU134	-2.77387637884211	9.59932679216024	0.0651093693970597	0.532915728969084
142	OTU179	-2.77500263070396	9.59996819226138	0.0651093693970597	0.532915728969084
143	OTU532	-2.77624092413872	9.60067207914632	0.0651093693970597	0.532915728969084
144	OTU243	-2.98722504289031	9.64040998279687	0.0651093693970597	0.532915728969084
145	OTU199	-2.98836136267399	9.64098452911388	0.0651093693970597	0.532915728969084
146	OTU209	-2.99816889995581	9.64609926349343	0.0651093693970597	0.532915728969084
147	OTU139	1.40733126967023	10.171164602754	0.07398735016998	0.601461792198137
148	OTU54	-0.552920924603157	11.7018930125505	0.077231292609521	0.623590504516065
149	OTU22	0.535253250859755	11.8680779689942	0.0869735184985676	0.696147339797005
150	OTU18	0.520903015741227	12.1851187255387	0.0873825112715906	0.696147339797005
151	OTU1517	0.977375564610974	10.5128030181084	0.0889044977694358	0.703581952546197
152	OTU69	1.14981812122704	10.1861928079286	0.0912966281201033	0.713068435317146
153	OTU68	0.984971734660418	10.3693173453674	0.0912558059734567	0.713068435317146
154	OTU397	1.32367591467755	10.1449162867743	0.108581932001044	0.837863657231773
155	OTU57	-0.757844666310736	11.1056557684055	0.108676876042615	0.837863657231773
156	OTU265	3.11042498801816	9.59048056728107	0.128118436555504	0.838077918529741
157	OTU467	3.11042498801816	9.59048056728107	0.128118436555504	0.838077918529741
158	OTU636	3.11042498801816	9.59048056728107	0.128118436555504	0.838077918529741
159	OTU188	2.86652636112307	9.55429112711774	0.128118436555504	0.838077918529741
160	OTU106	2.86105948130706	9.55215268635035	0.128118436555504	0.838077918529741
161	OTU592	2.84200786942673	9.54446674620007	0.128118436555504	0.838077918529741
162	OTU241	2.51918095806146	9.5022323034969	0.128118436555504	0.838077918529741
163	OTU311	2.51918095806146	9.5022323034969	0.128118436555504	0.838077918529741
164	OTU353	2.03210401060434	9.65402318837207	0.130445600708395	0.838077918529741
165	OTU153	-1.49002291824196	9.87224626171543	0.1166671335225	0.838077918529741
166	OTU127	-1.49146370241188	10.0604472619318	0.129824467025781	0.838077918529741
167	OTU206	-1.83049444327076	9.73088548073803	0.130445600708395	0.838077918529741
168	OTU245	-1.83806203866822	9.74281574427249	0.130445600708395	0.838077918529741
169	OTU253	-1.84209456050629	9.73692872523036	0.130445600708395	0.838077918529741
170	OTU991	-2.49915219136551	9.54683034677056	0.128118436555504	0.838077918529741
171	OTU298	-2.5002952633663	9.54742807480648	0.128118436555504	0.838077918529741
172	OTU221	-2.50090484098857	9.54769137353733	0.128118436555504	0.838077918529741
173	OTU343	-2.50239855578883	9.54847374202092	0.128118436555504	0.838077918529741
174	OTU309	-2.50260029918941	9.54866575584125	0.128118436555504	0.838077918529741
175	OTU504	-2.5026106432036	9.54860999555019	0.128118436555504	0.838077918529741
176	OTU231	-2.50354398087966	9.5490719584799	0.128118436555504	0.838077918529741
177	OTU198	-2.50501829072713	9.54989819093671	0.128118436555504	0.838077918529741
178	OTU430	-2.75881903512527	9.59152089585565	0.128118436555504	0.838077918529741
179	OTU655	-2.75955787280571	9.59191731742899	0.128118436555504	0.838077918529741
180	OTU349	-2.76090160913542	9.59259418000642	0.128118436555504	0.838077918529741
181	OTU350	-2.76090160913542	9.59259418000642	0.128118436555504	0.838077918529741
182	OTU544	-2.76318155312558	9.59376655974343	0.128118436555504	0.838077918529741
183	OTU363	-2.76340810111962	9.5939156337668	0.128118436555504	0.838077918529741
184	OTU622	-2.76679194849368	9.59563259094612	0.128118436555504	0.838077918529741
185	OTU1948	-2.76761374874396	9.59609934890926	0.128118436555504	0.838077918529741
186	OTU366	-2.76975207163797	9.59718894249159	0.128118436555504	0.838077918529741
187	OTU99	1.39730620530719	9.9478425059198	0.155960919149859	0.986102107852282
188	OTU215	-0.707671369586823	9.95130399549334	0.155960919149859	0.986102107852282
189	OTU162	-1.60618734919788	9.90789088572933	0.155960919149859	0.986102107852282
190	OTU213	2.83466267173015	9.54151539518601	0.253112033195021	1
191	OTU789	2.83466267173015	9.54151539518601	0.253112033195021	1
192	OTU1273	2.51598271817664	9.50090542881614	0.253112033195021	1
193	OTU453	2.51495442471007	9.50048288138986	0.253112033195021	1
194	OTU269	2.5140467611691	9.50011003827304	0.253112033195021	1
195	OTU189	2.50753133199674	9.49755499954551	0.253112033195021	1
196	OTU325	2.50650864565535	9.49713326708274	0.253112033195021	1
197	OTU696	2.50650864565535	9.49713326708274	0.253112033195021	1
198	OTU340	2.50638929711567	9.49708375704397	0.253112033195021	1
199	OTU515	2.50009554188273	9.49461717673195	0.253112033195021	1
200	OTU479	2.49888747546348	9.49411178602775	0.253112033195021	1
201	OTU184	2.49040898450628	9.49072434122439	0.253112033195021	1
202	OTU408	2.49040898450628	9.49072434122439	0.253112033195021	1
203	OTU627	2.49040898450628	9.49072434122439	0.253112033195021	1
204	OTU685	2.49040898450628	9.49072434122439	0.253112033195021	1
205	OTU1110	2.49040898450628	9.49072434122439	0.253112033195021	1
206	OTU1788	2.49040898450628	9.49072434122439	0.253112033195021	1
207	OTU2064	2.49040898450628	9.49072434122439	0.253112033195021	1
208	OTU862	2.05260952797534	9.44573370667168	0.502074688796679	1
209	OTU1834	2.05245267289666	9.44566842087815	0.502074688796679	1
210	OTU452	2.05150325385538	9.44527551623075	0.502074688796679	1
211	OTU1997	2.05055444241221	9.44488270954828	0.502074688796679	1
212	OTU335	2.05043380448598	9.44483304166693	0.502074688796679	1
213	OTU1904	2.0503481474029	9.44480265897957	0.502074688796679	1
214	OTU926	2.05031317633709	9.44478337532705	0.502074688796679	1
215	OTU1247	2.05031317633709	9.44478337532705	0.502074688796679	1
216	OTU128	2.04940007184817	9.4444099683726	0.502074688796679	1
217	OTU219	2.04940007184817	9.4444099683726	0.502074688796679	1
218	OTU1710	2.04927952727174	9.44436031505042	0.502074688796679	1
219	OTU471	2.04824659254762	9.44393736470052	0.502074688796679	1
220	OTU196	2.04287308586729	9.44187953713405	0.502074688796679	1
221	OTU341	2.04287308586729	9.44187953713405	0.502074688796679	1
222	OTU402	2.04287308586729	9.44187953713405	0.502074688796679	1
223	OTU870	2.04271724326841	9.44181440247006	0.502074688796679	1
224	OTU2305	2.04271724326841	9.44181440247006	0.502074688796679	1
225	OTU394	2.04177393799391	9.44142239952383	0.502074688796679	1
226	OTU473	2.04165399853898	9.44137283241175	0.502074688796679	1
227	OTU747	2.04165399853898	9.44137283241175	0.502074688796679	1
228	OTU258	2.04062623609313	9.44095060967388	0.502074688796679	1
229	OTU232	2.03304332798407	9.43796865115531	0.502074688796679	1
230	OTU345	2.03304332798407	9.43796865115531	0.502074688796679	1
231	OTU406	2.03304332798407	9.43796865115531	0.502074688796679	1
232	OTU457	2.03304332798407	9.43796865115531	0.502074688796679	1
233	OTU459	2.03304332798407	9.43796865115531	0.502074688796679	1
234	OTU594	2.03304332798407	9.43796865115531	0.502074688796679	1
235	OTU672	2.03304332798407	9.43796865115531	0.502074688796679	1
236	OTU810	2.03304332798407	9.43796865115531	0.502074688796679	1
237	OTU822	2.03304332798407	9.43796865115531	0.502074688796679	1
238	OTU830	2.03304332798407	9.43796865115531	0.502074688796679	1
239	OTU868	2.03304332798407	9.43796865115531	0.502074688796679	1
240	OTU872	2.03304332798407	9.43796865115531	0.502074688796679	1
241	OTU891	2.03304332798407	9.43796865115531	0.502074688796679	1
242	OTU905	2.03304332798407	9.43796865115531	0.502074688796679	1
243	OTU947	2.03304332798407	9.43796865115531	0.502074688796679	1
244	OTU956	2.03304332798407	9.43796865115531	0.502074688796679	1
245	OTU968	2.03304332798407	9.43796865115531	0.502074688796679	1
246	OTU1005	2.03304332798407	9.43796865115531	0.502074688796679	1
247	OTU1024	2.03304332798407	9.43796865115531	0.502074688796679	1
248	OTU1071	2.03304332798407	9.43796865115531	0.502074688796679	1
249	OTU1114	2.03304332798407	9.43796865115531	0.502074688796679	1
250	OTU1145	2.03304332798407	9.43796865115531	0.502074688796679	1
251	OTU1227	2.03304332798407	9.43796865115531	0.502074688796679	1
252	OTU1245	2.03304332798407	9.43796865115531	0.502074688796679	1
253	OTU1263	2.03304332798407	9.43796865115531	0.502074688796679	1
254	OTU1383	2.03304332798407	9.43796865115531	0.502074688796679	1
255	OTU1537	2.03304332798407	9.43796865115531	0.502074688796679	1
256	OTU1617	2.03304332798407	9.43796865115531	0.502074688796679	1
257	OTU2053	2.03304332798407	9.43796865115531	0.502074688796679	1
258	OTU2075	2.03304332798407	9.43796865115531	0.502074688796679	1
259	OTU2198	2.03304332798407	9.43796865115531	0.502074688796679	1
260	OTU2302	2.02930618013053	9.65144076988772	0.224560886287818	1
261	OTU1352	2.0242563540195	9.64945910647692	0.224560886287818	1
262	OTU202	2.01477863997	9.64561849068001	0.224560886287818	1
263	OTU125	1.74762126373414	9.60173327924568	0.380154705189284	1
264	OTU316	1.73427165341121	9.59419782395165	0.380154705189284	1
265	OTU420	1.7333451454328	9.59380886670288	0.380154705189284	1
266	OTU520	1.73322750398804	9.59375972333426	0.380154705189284	1
267	OTU318	1.72958181145851	9.59557659929751	0.380154705189284	1
268	OTU252	1.42616002326066	9.70414351092704	0.297147776582878	1
269	OTU197	1.41572806951076	9.69664457376375	0.224560886287818	1
270	OTU207	1.39015405912465	9.54524956442685	0.628092823113571	1
271	OTU236	1.36222244276526	9.38702239206694	1	1
272	OTU306	1.36222244276526	9.38702239206694	1	1
273	OTU321	1.36222244276526	9.38702239206694	1	1
274	OTU326	1.36222244276526	9.38702239206694	1	1
275	OTU367	1.36222244276526	9.38702239206694	1	1
276	OTU387	1.36222244276526	9.38702239206694	1	1
277	OTU952	1.36222244276526	9.38702239206694	1	1
278	OTU1161	1.36222244276526	9.38702239206694	1	1
279	OTU2049	1.36222244276526	9.38702239206694	1	1
280	OTU17	1.36206524994973	9.38695710411717	1	1
281	OTU124	1.36206524994973	9.38695710411717	1	1
282	OTU261	1.36206524994973	9.38695710411717	1	1
283	OTU369	1.36206524994973	9.38695710411717	1	1
284	OTU419	1.36206524994973	9.38695710411717	1	1
285	OTU567	1.36206524994973	9.38695710411717	1	1
286	OTU605	1.36206524994973	9.38695710411717	1	1
287	OTU712	1.36206524994973	9.38695710411717	1	1
288	OTU757	1.36206524994973	9.38695710411717	1	1
289	OTU802	1.36206524994973	9.38695710411717	1	1
290	OTU808	1.36206524994973	9.38695710411717	1	1
291	OTU920	1.36206524994973	9.38695710411717	1	1
292	OTU962	1.36206524994973	9.38695710411717	1	1
293	OTU1187	1.36206524994973	9.38695710411717	1	1
294	OTU1212	1.36206524994973	9.38695710411717	1	1
295	OTU1264	1.36206524994973	9.38695710411717	1	1
296	OTU1571	1.36206524994973	9.38695710411717	1	1
297	OTU496	1.36111307062089	9.38656407040132	1	1
298	OTU528	1.36111307062089	9.38656407040132	1	1
299	OTU582	1.36111307062089	9.38656407040132	1	1
300	OTU735	1.36111307062089	9.38656407040132	1	1
301	OTU742	1.36111307062089	9.38656407040132	1	1
302	OTU792	1.36111307062089	9.38656407040132	1	1
303	OTU836	1.36111307062089	9.38656407040132	1	1
304	OTU874	1.36111307062089	9.38656407040132	1	1
305	OTU1102	1.36111307062089	9.38656407040132	1	1
306	OTU1237	1.36111307062089	9.38656407040132	1	1
307	OTU1452	1.36111307062089	9.38656407040132	1	1
308	OTU1704	1.36111307062089	9.38656407040132	1	1
309	OTU1942	1.36111307062089	9.38656407040132	1	1
310	OTU1971	1.36111307062089	9.38656407040132	1	1
311	OTU2005	1.36111307062089	9.38656407040132	1	1
312	OTU2199	1.36111307062089	9.38656407040132	1	1
313	OTU2205	1.36111307062089	9.38656407040132	1	1
314	OTU186	1.36099191659257	9.38651435973182	1	1
315	OTU250	1.36099191659257	9.38651435973182	1	1
316	OTU315	1.36099191659257	9.38651435973182	1	1
317	OTU441	1.36099191659257	9.38651435973182	1	1
318	OTU447	1.36099191659257	9.38651435973182	1	1
319	OTU468	1.36099191659257	9.38651435973182	1	1
320	OTU768	1.36099191659257	9.38651435973182	1	1
321	OTU781	1.36099191659257	9.38651435973182	1	1
322	OTU960	1.36099191659257	9.38651435973182	1	1
323	OTU1023	1.36099191659257	9.38651435973182	1	1
324	OTU1184	1.36099191659257	9.38651435973182	1	1
325	OTU329	1.35995294861601	9.38609079380725	1	1
326	OTU405	1.35995294861601	9.38609079380725	1	1
327	OTU437	1.35995294861601	9.38609079380725	1	1
328	OTU610	1.35995294861601	9.38609079380725	1	1
329	OTU710	1.35995294861601	9.38609079380725	1	1
330	OTU737	1.35995294861601	9.38609079380725	1	1
331	OTU738	1.35995294861601	9.38609079380725	1	1
332	OTU873	1.35995294861601	9.38609079380725	1	1
333	OTU935	1.35995294861601	9.38609079380725	1	1
334	OTU1344	1.35995294861601	9.38609079380725	1	1
335	OTU1538	1.35995294861601	9.38609079380725	1	1
336	OTU1715	1.35995294861601	9.38609079380725	1	1
337	OTU1847	1.35995294861601	9.38609079380725	1	1
338	OTU1961	1.35995294861601	9.38609079380725	1	1
339	OTU2152	1.35995294861601	9.38609079380725	1	1
340	OTU90	1.35224319631656	9.38309321460657	1	1
341	OTU143	1.35224319631656	9.38309321460657	1	1
342	OTU226	1.35224319631656	9.38309321460657	1	1
343	OTU249	1.35224319631656	9.38309321460657	1	1
344	OTU257	1.35224319631656	9.38309321460657	1	1
345	OTU277	1.35224319631656	9.38309321460657	1	1
346	OTU286	1.35224319631656	9.38309321460657	1	1
347	OTU319	1.35224319631656	9.38309321460657	1	1
348	OTU357	1.35224319631656	9.38309321460657	1	1
349	OTU368	1.35224319631656	9.38309321460657	1	1
350	OTU377	1.35224319631656	9.38309321460657	1	1
351	OTU399	1.35224319631656	9.38309321460657	1	1
352	OTU401	1.35224319631656	9.38309321460657	1	1
353	OTU409	1.35224319631656	9.38309321460657	1	1
354	OTU450	1.35224319631656	9.38309321460657	1	1
355	OTU488	1.35224319631656	9.38309321460657	1	1
356	OTU494	1.35224319631656	9.38309321460657	1	1
357	OTU500	1.35224319631656	9.38309321460657	1	1
358	OTU513	1.35224319631656	9.38309321460657	1	1
359	OTU521	1.35224319631656	9.38309321460657	1	1
360	OTU526	1.35224319631656	9.38309321460657	1	1
361	OTU550	1.35224319631656	9.38309321460657	1	1
362	OTU560	1.35224319631656	9.38309321460657	1	1
363	OTU572	1.35224319631656	9.38309321460657	1	1
364	OTU573	1.35224319631656	9.38309321460657	1	1
365	OTU574	1.35224319631656	9.38309321460657	1	1
366	OTU580	1.35224319631656	9.38309321460657	1	1
367	OTU585	1.35224319631656	9.38309321460657	1	1
368	OTU587	1.35224319631656	9.38309321460657	1	1
369	OTU590	1.35224319631656	9.38309321460657	1	1
370	OTU612	1.35224319631656	9.38309321460657	1	1
371	OTU615	1.35224319631656	9.38309321460657	1	1
372	OTU640	1.35224319631656	9.38309321460657	1	1
373	OTU668	1.35224319631656	9.38309321460657	1	1
374	OTU689	1.35224319631656	9.38309321460657	1	1
375	OTU695	1.35224319631656	9.38309321460657	1	1
376	OTU719	1.35224319631656	9.38309321460657	1	1
377	OTU728	1.35224319631656	9.38309321460657	1	1
378	OTU741	1.35224319631656	9.38309321460657	1	1
379	OTU750	1.35224319631656	9.38309321460657	1	1
380	OTU758	1.35224319631656	9.38309321460657	1	1
381	OTU765	1.35224319631656	9.38309321460657	1	1
382	OTU783	1.35224319631656	9.38309321460657	1	1
383	OTU794	1.35224319631656	9.38309321460657	1	1
384	OTU798	1.35224319631656	9.38309321460657	1	1
385	OTU818	1.35224319631656	9.38309321460657	1	1
386	OTU851	1.35224319631656	9.38309321460657	1	1
387	OTU861	1.35224319631656	9.38309321460657	1	1
388	OTU865	1.35224319631656	9.38309321460657	1	1
389	OTU892	1.35224319631656	9.38309321460657	1	1
390	OTU894	1.35224319631656	9.38309321460657	1	1
391	OTU950	1.35224319631656	9.38309321460657	1	1
392	OTU953	1.35224319631656	9.38309321460657	1	1
393	OTU996	1.35224319631656	9.38309321460657	1	1
394	OTU1025	1.35224319631656	9.38309321460657	1	1
395	OTU1060	1.35224319631656	9.38309321460657	1	1
396	OTU1065	1.35224319631656	9.38309321460657	1	1
397	OTU1089	1.35224319631656	9.38309321460657	1	1
398	OTU1103	1.35224319631656	9.38309321460657	1	1
399	OTU1115	1.35224319631656	9.38309321460657	1	1
400	OTU1116	1.35224319631656	9.38309321460657	1	1
401	OTU1144	1.35224319631656	9.38309321460657	1	1
402	OTU1150	1.35224319631656	9.38309321460657	1	1
403	OTU1151	1.35224319631656	9.38309321460657	1	1
404	OTU1168	1.35224319631656	9.38309321460657	1	1
405	OTU1176	1.35224319631656	9.38309321460657	1	1
406	OTU1198	1.35224319631656	9.38309321460657	1	1
407	OTU1205	1.35224319631656	9.38309321460657	1	1
408	OTU1210	1.35224319631656	9.38309321460657	1	1
409	OTU1218	1.35224319631656	9.38309321460657	1	1
410	OTU1229	1.35224319631656	9.38309321460657	1	1
411	OTU1235	1.35224319631656	9.38309321460657	1	1
412	OTU1240	1.35224319631656	9.38309321460657	1	1
413	OTU1267	1.35224319631656	9.38309321460657	1	1
414	OTU1268	1.35224319631656	9.38309321460657	1	1
415	OTU1275	1.35224319631656	9.38309321460657	1	1
416	OTU1299	1.35224319631656	9.38309321460657	1	1
417	OTU1311	1.35224319631656	9.38309321460657	1	1
418	OTU1322	1.35224319631656	9.38309321460657	1	1
419	OTU1333	1.35224319631656	9.38309321460657	1	1
420	OTU1345	1.35224319631656	9.38309321460657	1	1
421	OTU1396	1.35224319631656	9.38309321460657	1	1
422	OTU1409	1.35224319631656	9.38309321460657	1	1
423	OTU1439	1.35224319631656	9.38309321460657	1	1
424	OTU1461	1.35224319631656	9.38309321460657	1	1
425	OTU1505	1.35224319631656	9.38309321460657	1	1
426	OTU1506	1.35224319631656	9.38309321460657	1	1
427	OTU1540	1.35224319631656	9.38309321460657	1	1
428	OTU1559	1.35224319631656	9.38309321460657	1	1
429	OTU1569	1.35224319631656	9.38309321460657	1	1
430	OTU1585	1.35224319631656	9.38309321460657	1	1
431	OTU1642	1.35224319631656	9.38309321460657	1	1
432	OTU1733	1.35224319631656	9.38309321460657	1	1
433	OTU1808	1.35224319631656	9.38309321460657	1	1
434	OTU1833	1.35224319631656	9.38309321460657	1	1
435	OTU1863	1.35224319631656	9.38309321460657	1	1
436	OTU1892	1.35224319631656	9.38309321460657	1	1
437	OTU1938	1.35224319631656	9.38309321460657	1	1
438	OTU1964	1.35224319631656	9.38309321460657	1	1
439	OTU1988	1.35224319631656	9.38309321460657	1	1
440	OTU2032	1.35224319631656	9.38309321460657	1	1
441	OTU2060	1.35224319631656	9.38309321460657	1	1
442	OTU2076	1.35224319631656	9.38309321460657	1	1
443	OTU2088	1.35224319631656	9.38309321460657	1	1
444	OTU2096	1.35224319631656	9.38309321460657	1	1
445	OTU2167	1.35224319631656	9.38309321460657	1	1
446	OTU2187	1.35224319631656	9.38309321460657	1	1
447	OTU2188	1.35224319631656	9.38309321460657	1	1
448	OTU2189	1.35224319631656	9.38309321460657	1	1
449	OTU2239	1.35224319631656	9.38309321460657	1	1
450	OTU2255	1.35224319631656	9.38309321460657	1	1
451	OTU2256	1.35224319631656	9.38309321460657	1	1
452	OTU2268	1.35224319631656	9.38309321460657	1	1
453	OTU2269	1.35224319631656	9.38309321460657	1	1
454	OTU2270	1.35224319631656	9.38309321460657	1	1
455	OTU2310	1.35224319631656	9.38309321460657	1	1
456	OTU1720	1.22977864825918	9.79502707862653	0.187805489181336	1
457	OTU169	1.19581341331247	9.78364588991844	0.515832351385966	1
458	OTU218	0.999177946554588	10.2182115693532	0.377738261853333	1
459	OTU121	0.997425921873664	9.95886434077749	0.279644215589126	1
460	OTU201	0.970171022590978	9.74011488014256	0.459849100236376	1
461	OTU158	0.958121832181692	9.73837095076077	0.731017972992202	1
462	OTU1739	0.940501253693606	9.4996824376268	1	1
463	OTU417	0.939511162984237	9.49710666096562	1	1
464	OTU403	0.937121808556756	9.49936966627422	1	1
465	OTU631	0.932376096976954	9.4997202962555	1	1
466	OTU268	0.929388852515102	9.49527308102891	1	1
467	OTU312	0.92836109006925	9.49485191721165	1	1
468	OTU1441	0.923256386658149	9.49064793981353	1	1
469	OTU1278	0.919255306202445	9.49266790104828	1	1
470	OTU50	0.860527990095155	10.1086702231741	0.349025479153853	1
471	OTU92	0.785295553164147	9.6029434051469	0.691342342992215	1
472	OTU175	0.780792864315184	9.60332421406749	1	1
473	OTU275	0.758715561734007	9.59219278215943	1	1
474	OTU278	0.754847294942389	9.59414207744971	1	1
475	OTU1099	0.736269278796266	10.0717740482643	0.469193106756259	1
476	OTU70	0.696963434307484	10.2714493125728	0.520577517398082	1
477	OTU156	0.694562670381794	9.70256458339299	0.731017972992202	1
478	OTU628	0.693008276795198	9.69004190328532	0.691342342992215	1
479	OTU138	0.679432322310773	10.3370321775757	0.541682757631828	1
480	OTU1909	0.67845915014892	10.6819812001191	0.276397927559861	1
481	OTU86	0.658035462820068	10.1297152650601	0.640861146188268	1
482	OTU38	0.652889761075617	10.7343205717299	0.234255659115698	1
483	OTU67	0.650956903902116	9.78948302484112	0.515832351385966	1
484	OTU88	0.577146509722681	10.0299159056251	0.437254866861932	1
485	OTU79	0.559145269099311	10.2432646448699	0.403376076951109	1
486	OTU91	0.402416467231031	9.9156686920457	0.77986158688221	1
487	OTU61	0.394848832356321	11.0095637955779	0.603219643468621	1
488	OTU105	0.38208448211389	9.74370667745627	0.731017972992202	1
489	OTU1857	0.381724257579483	10.144511617486	0.821129286817503	1
490	OTU135	0.376614042484236	9.91739741867317	0.77986158688221	1
491	OTU78	0.337209232894682	10.3657695085929	0.447330086996949	1
492	OTU552	0.318302132111017	9.55019582629994	1	1
493	OTU1653	0.310181405838653	9.54661117163423	1	1
494	OTU29	0.307530160672855	11.5787667143095	0.58203762469681	1
495	OTU1355	0.30622463771849	9.54755704355571	1	1
496	OTU87	0.30260784902178	9.54259156629637	1	1
497	OTU107	0.297481638420175	9.54519803677501	1	1
498	OTU40	0.273385826177589	10.1647909002409	0.821129286817503	1
499	OTU482	0.251326129294975	9.44134532582864	1	1
500	OTU477	0.251204975266656	9.44129576080865	1	1
501	OTU205	0.251103007728645	9.44134607983103	1	1
502	OTU724	0.249957296741377	9.44304849340328	1	1
503	OTU421	0.249800103925848	9.44298331521403	1	1
504	OTU678	0.248789808909804	9.44365243702495	1	1
505	OTU832	0.248632616094275	9.44358723556158	1	1
506	OTU240	0.248277228168107	9.44377329407979	1	1
507	OTU328	0.24768780259213	9.44211895580468	1	1
508	OTU320	0.247203894810953	9.44333122678534	1	1
509	OTU444	0.247203894810953	9.44333122678534	1	1
510	OTU581	0.247203894810953	9.44333122678534	1	1
511	OTU674	0.246520314760557	9.44272257299346	1	1
512	OTU1100	0.246164926834389	9.44290853667992	1	1
513	OTU248	0.244082453045343	9.44401968577385	1	1
514	OTU407	0.242354287452633	9.43794194496501	1	1
515	OTU990	0.242354287452633	9.43794194496501	1	1
516	OTU556	0.239978050292681	9.43913519211993	1	1
517	OTU646	0.239978050292681	9.43913519211993	1	1
518	OTU305	0.238810562461108	9.43973784092747	1	1
519	OTU896	0.238810562461108	9.43973784092747	1	1
520	OTU438	0.23845517453494	9.43992350135461	1	1
521	OTU895	0.23845517453494	9.43992350135461	1	1
522	OTU971	0.23845517453494	9.43992350135461	1	1
523	OTU2	0.203799439609722	15.7856856815507	0.285779589061705	1
524	OTU62	0.179295629611884	10.4337022143566	1	1
525	OTU37	0.167989910103854	11.947311004166	0.819358418623592	1
526	OTU27	0.152557022039633	12.4819658638545	0.908586119008954	1
527	OTU8	0.145314015642295	13.6502263049103	0.553770916359524	1
528	OTU118	0.0988607926784915	9.78547315357522	1	1
529	OTU19	0.0966566570579446	12.6975251635379	0.88241660798658	1
530	OTU77	0.0784711741120338	10.6360647870051	1	1
531	OTU31	0.0615961778625079	11.7967192094849	0.806191881153926	1
532	OTU638	0.0117216587957056	9.70252191081097	1	1
533	OTU137	0.011674589300357	9.69355353312377	1	1
534	OTU74	2.56274120305193e-15	9.32592389209854	1	1
535	OTU97	2.56274120305193e-15	9.32592389209854	1	1
536	OTU102	2.56274120305193e-15	9.32592389209854	1	1
537	OTU108	2.56274120305193e-15	9.32592389209854	1	1
538	OTU112	2.56274120305193e-15	9.32592389209854	1	1
539	OTU115	2.56274120305193e-15	9.32592389209854	1	1
540	OTU142	2.56274120305193e-15	9.32592389209854	1	1
541	OTU148	2.56274120305193e-15	9.32592389209854	1	1
542	OTU151	2.56274120305193e-15	9.32592389209854	1	1
543	OTU152	2.56274120305193e-15	9.32592389209854	1	1
544	OTU182	2.56274120305193e-15	9.32592389209854	1	1
545	OTU192	2.56274120305193e-15	9.32592389209854	1	1
546	OTU200	2.56274120305193e-15	9.32592389209854	1	1
547	OTU203	2.56274120305193e-15	9.32592389209854	1	1
548	OTU220	2.56274120305193e-15	9.32592389209854	1	1
549	OTU223	2.56274120305193e-15	9.32592389209854	1	1
550	OTU225	2.56274120305193e-15	9.32592389209854	1	1
551	OTU237	2.56274120305193e-15	9.32592389209854	1	1
552	OTU247	2.56274120305193e-15	9.32592389209854	1	1
553	OTU256	2.56274120305193e-15	9.32592389209854	1	1
554	OTU264	2.56274120305193e-15	9.32592389209854	1	1
555	OTU272	2.56274120305193e-15	9.32592389209854	1	1
556	OTU276	2.56274120305193e-15	9.32592389209854	1	1
557	OTU281	2.56274120305193e-15	9.32592389209854	1	1
558	OTU284	2.56274120305193e-15	9.32592389209854	1	1
559	OTU285	2.56274120305193e-15	9.32592389209854	1	1
560	OTU292	2.56274120305193e-15	9.32592389209854	1	1
561	OTU294	2.56274120305193e-15	9.32592389209854	1	1
562	OTU302	2.56274120305193e-15	9.32592389209854	1	1
563	OTU322	2.56274120305193e-15	9.32592389209854	1	1
564	OTU327	2.56274120305193e-15	9.32592389209854	1	1
565	OTU334	2.56274120305193e-15	9.32592389209854	1	1
566	OTU337	2.56274120305193e-15	9.32592389209854	1	1
567	OTU339	2.56274120305193e-15	9.32592389209854	1	1
568	OTU342	2.56274120305193e-15	9.32592389209854	1	1
569	OTU348	2.56274120305193e-15	9.32592389209854	1	1
570	OTU356	2.56274120305193e-15	9.32592389209854	1	1
571	OTU361	2.56274120305193e-15	9.32592389209854	1	1
572	OTU381	2.56274120305193e-15	9.32592389209854	1	1
573	OTU386	2.56274120305193e-15	9.32592389209854	1	1
574	OTU389	2.56274120305193e-15	9.32592389209854	1	1
575	OTU392	2.56274120305193e-15	9.32592389209854	1	1
576	OTU393	2.56274120305193e-15	9.32592389209854	1	1
577	OTU398	2.56274120305193e-15	9.32592389209854	1	1
578	OTU400	2.56274120305193e-15	9.32592389209854	1	1
579	OTU410	2.56274120305193e-15	9.32592389209854	1	1
580	OTU411	2.56274120305193e-15	9.32592389209854	1	1
581	OTU413	2.56274120305193e-15	9.32592389209854	1	1
582	OTU415	2.56274120305193e-15	9.32592389209854	1	1
583	OTU418	2.56274120305193e-15	9.32592389209854	1	1
584	OTU424	2.56274120305193e-15	9.32592389209854	1	1
585	OTU425	2.56274120305193e-15	9.32592389209854	1	1
586	OTU428	2.56274120305193e-15	9.32592389209854	1	1
587	OTU429	2.56274120305193e-15	9.32592389209854	1	1
588	OTU431	2.56274120305193e-15	9.32592389209854	1	1
589	OTU435	2.56274120305193e-15	9.32592389209854	1	1
590	OTU436	2.56274120305193e-15	9.32592389209854	1	1
591	OTU448	2.56274120305193e-15	9.32592389209854	1	1
592	OTU454	2.56274120305193e-15	9.32592389209854	1	1
593	OTU456	2.56274120305193e-15	9.32592389209854	1	1
594	OTU461	2.56274120305193e-15	9.32592389209854	1	1
595	OTU462	2.56274120305193e-15	9.32592389209854	1	1
596	OTU465	2.56274120305193e-15	9.32592389209854	1	1
597	OTU470	2.56274120305193e-15	9.32592389209854	1	1
598	OTU475	2.56274120305193e-15	9.32592389209854	1	1
599	OTU478	2.56274120305193e-15	9.32592389209854	1	1
600	OTU487	2.56274120305193e-15	9.32592389209854	1	1
601	OTU489	2.56274120305193e-15	9.32592389209854	1	1
602	OTU490	2.56274120305193e-15	9.32592389209854	1	1
603	OTU491	2.56274120305193e-15	9.32592389209854	1	1
604	OTU497	2.56274120305193e-15	9.32592389209854	1	1
605	OTU498	2.56274120305193e-15	9.32592389209854	1	1
606	OTU499	2.56274120305193e-15	9.32592389209854	1	1
607	OTU505	2.56274120305193e-15	9.32592389209854	1	1
608	OTU506	2.56274120305193e-15	9.32592389209854	1	1
609	OTU507	2.56274120305193e-15	9.32592389209854	1	1
610	OTU508	2.56274120305193e-15	9.32592389209854	1	1
611	OTU511	2.56274120305193e-15	9.32592389209854	1	1
612	OTU522	2.56274120305193e-15	9.32592389209854	1	1
613	OTU524	2.56274120305193e-15	9.32592389209854	1	1
614	OTU525	2.56274120305193e-15	9.32592389209854	1	1
615	OTU529	2.56274120305193e-15	9.32592389209854	1	1
616	OTU530	2.56274120305193e-15	9.32592389209854	1	1
617	OTU534	2.56274120305193e-15	9.32592389209854	1	1
618	OTU536	2.56274120305193e-15	9.32592389209854	1	1
619	OTU538	2.56274120305193e-15	9.32592389209854	1	1
620	OTU542	2.56274120305193e-15	9.32592389209854	1	1
621	OTU548	2.56274120305193e-15	9.32592389209854	1	1
622	OTU549	2.56274120305193e-15	9.32592389209854	1	1
623	OTU554	2.56274120305193e-15	9.32592389209854	1	1
624	OTU555	2.56274120305193e-15	9.32592389209854	1	1
625	OTU557	2.56274120305193e-15	9.32592389209854	1	1
626	OTU558	2.56274120305193e-15	9.32592389209854	1	1
627	OTU561	2.56274120305193e-15	9.32592389209854	1	1
628	OTU563	2.56274120305193e-15	9.32592389209854	1	1
629	OTU566	2.56274120305193e-15	9.32592389209854	1	1
630	OTU568	2.56274120305193e-15	9.32592389209854	1	1
631	OTU571	2.56274120305193e-15	9.32592389209854	1	1
632	OTU579	2.56274120305193e-15	9.32592389209854	1	1
633	OTU583	2.56274120305193e-15	9.32592389209854	1	1
634	OTU588	2.56274120305193e-15	9.32592389209854	1	1
635	OTU593	2.56274120305193e-15	9.32592389209854	1	1
636	OTU596	2.56274120305193e-15	9.32592389209854	1	1
637	OTU600	2.56274120305193e-15	9.32592389209854	1	1
638	OTU601	2.56274120305193e-15	9.32592389209854	1	1
639	OTU604	2.56274120305193e-15	9.32592389209854	1	1
640	OTU606	2.56274120305193e-15	9.32592389209854	1	1
641	OTU607	2.56274120305193e-15	9.32592389209854	1	1
642	OTU609	2.56274120305193e-15	9.32592389209854	1	1
643	OTU613	2.56274120305193e-15	9.32592389209854	1	1
644	OTU617	2.56274120305193e-15	9.32592389209854	1	1
645	OTU619	2.56274120305193e-15	9.32592389209854	1	1
646	OTU623	2.56274120305193e-15	9.32592389209854	1	1
647	OTU625	2.56274120305193e-15	9.32592389209854	1	1
648	OTU645	2.56274120305193e-15	9.32592389209854	1	1
649	OTU651	2.56274120305193e-15	9.32592389209854	1	1
650	OTU654	2.56274120305193e-15	9.32592389209854	1	1
651	OTU657	2.56274120305193e-15	9.32592389209854	1	1
652	OTU662	2.56274120305193e-15	9.32592389209854	1	1
653	OTU663	2.56274120305193e-15	9.32592389209854	1	1
654	OTU671	2.56274120305193e-15	9.32592389209854	1	1
655	OTU676	2.56274120305193e-15	9.32592389209854	1	1
656	OTU680	2.56274120305193e-15	9.32592389209854	1	1
657	OTU684	2.56274120305193e-15	9.32592389209854	1	1
658	OTU686	2.56274120305193e-15	9.32592389209854	1	1
659	OTU703	2.56274120305193e-15	9.32592389209854	1	1
660	OTU705	2.56274120305193e-15	9.32592389209854	1	1
661	OTU732	2.56274120305193e-15	9.32592389209854	1	1
662	OTU733	2.56274120305193e-15	9.32592389209854	1	1
663	OTU739	2.56274120305193e-15	9.32592389209854	1	1
664	OTU748	2.56274120305193e-15	9.32592389209854	1	1
665	OTU753	2.56274120305193e-15	9.32592389209854	1	1
666	OTU763	2.56274120305193e-15	9.32592389209854	1	1
667	OTU764	2.56274120305193e-15	9.32592389209854	1	1
668	OTU775	2.56274120305193e-15	9.32592389209854	1	1
669	OTU776	2.56274120305193e-15	9.32592389209854	1	1
670	OTU784	2.56274120305193e-15	9.32592389209854	1	1
671	OTU788	2.56274120305193e-15	9.32592389209854	1	1
672	OTU793	2.56274120305193e-15	9.32592389209854	1	1
673	OTU795	2.56274120305193e-15	9.32592389209854	1	1
674	OTU807	2.56274120305193e-15	9.32592389209854	1	1
675	OTU809	2.56274120305193e-15	9.32592389209854	1	1
676	OTU813	2.56274120305193e-15	9.32592389209854	1	1
677	OTU814	2.56274120305193e-15	9.32592389209854	1	1
678	OTU821	2.56274120305193e-15	9.32592389209854	1	1
679	OTU827	2.56274120305193e-15	9.32592389209854	1	1
680	OTU837	2.56274120305193e-15	9.32592389209854	1	1
681	OTU842	2.56274120305193e-15	9.32592389209854	1	1
682	OTU849	2.56274120305193e-15	9.32592389209854	1	1
683	OTU850	2.56274120305193e-15	9.32592389209854	1	1
684	OTU857	2.56274120305193e-15	9.32592389209854	1	1
685	OTU860	2.56274120305193e-15	9.32592389209854	1	1
686	OTU863	2.56274120305193e-15	9.32592389209854	1	1
687	OTU866	2.56274120305193e-15	9.32592389209854	1	1
688	OTU867	2.56274120305193e-15	9.32592389209854	1	1
689	OTU880	2.56274120305193e-15	9.32592389209854	1	1
690	OTU882	2.56274120305193e-15	9.32592389209854	1	1
691	OTU883	2.56274120305193e-15	9.32592389209854	1	1
692	OTU888	2.56274120305193e-15	9.32592389209854	1	1
693	OTU890	2.56274120305193e-15	9.32592389209854	1	1
694	OTU893	2.56274120305193e-15	9.32592389209854	1	1
695	OTU897	2.56274120305193e-15	9.32592389209854	1	1
696	OTU899	2.56274120305193e-15	9.32592389209854	1	1
697	OTU900	2.56274120305193e-15	9.32592389209854	1	1
698	OTU902	2.56274120305193e-15	9.32592389209854	1	1
699	OTU904	2.56274120305193e-15	9.32592389209854	1	1
700	OTU912	2.56274120305193e-15	9.32592389209854	1	1
701	OTU915	2.56274120305193e-15	9.32592389209854	1	1
702	OTU917	2.56274120305193e-15	9.32592389209854	1	1
703	OTU919	2.56274120305193e-15	9.32592389209854	1	1
704	OTU921	2.56274120305193e-15	9.32592389209854	1	1
705	OTU925	2.56274120305193e-15	9.32592389209854	1	1
706	OTU928	2.56274120305193e-15	9.32592389209854	1	1
707	OTU931	2.56274120305193e-15	9.32592389209854	1	1
708	OTU936	2.56274120305193e-15	9.32592389209854	1	1
709	OTU940	2.56274120305193e-15	9.32592389209854	1	1
710	OTU946	2.56274120305193e-15	9.32592389209854	1	1
711	OTU951	2.56274120305193e-15	9.32592389209854	1	1
712	OTU954	2.56274120305193e-15	9.32592389209854	1	1
713	OTU959	2.56274120305193e-15	9.32592389209854	1	1
714	OTU963	2.56274120305193e-15	9.32592389209854	1	1
715	OTU964	2.56274120305193e-15	9.32592389209854	1	1
716	OTU981	2.56274120305193e-15	9.32592389209854	1	1
717	OTU992	2.56274120305193e-15	9.32592389209854	1	1
718	OTU1000	2.56274120305193e-15	9.32592389209854	1	1
719	OTU1002	2.56274120305193e-15	9.32592389209854	1	1
720	OTU1004	2.56274120305193e-15	9.32592389209854	1	1
721	OTU1006	2.56274120305193e-15	9.32592389209854	1	1
722	OTU1010	2.56274120305193e-15	9.32592389209854	1	1
723	OTU1017	2.56274120305193e-15	9.32592389209854	1	1
724	OTU1022	2.56274120305193e-15	9.32592389209854	1	1
725	OTU1027	2.56274120305193e-15	9.32592389209854	1	1
726	OTU1029	2.56274120305193e-15	9.32592389209854	1	1
727	OTU1033	2.56274120305193e-15	9.32592389209854	1	1
728	OTU1034	2.56274120305193e-15	9.32592389209854	1	1
729	OTU1036	2.56274120305193e-15	9.32592389209854	1	1
730	OTU1042	2.56274120305193e-15	9.32592389209854	1	1
731	OTU1050	2.56274120305193e-15	9.32592389209854	1	1
732	OTU1054	2.56274120305193e-15	9.32592389209854	1	1
733	OTU1058	2.56274120305193e-15	9.32592389209854	1	1
734	OTU1059	2.56274120305193e-15	9.32592389209854	1	1
735	OTU1066	2.56274120305193e-15	9.32592389209854	1	1
736	OTU1076	2.56274120305193e-15	9.32592389209854	1	1
737	OTU1081	2.56274120305193e-15	9.32592389209854	1	1
738	OTU1083	2.56274120305193e-15	9.32592389209854	1	1
739	OTU1087	2.56274120305193e-15	9.32592389209854	1	1
740	OTU1090	2.56274120305193e-15	9.32592389209854	1	1
741	OTU1097	2.56274120305193e-15	9.32592389209854	1	1
742	OTU1104	2.56274120305193e-15	9.32592389209854	1	1
743	OTU1107	2.56274120305193e-15	9.32592389209854	1	1
744	OTU1112	2.56274120305193e-15	9.32592389209854	1	1
745	OTU1119	2.56274120305193e-15	9.32592389209854	1	1
746	OTU1127	2.56274120305193e-15	9.32592389209854	1	1
747	OTU1131	2.56274120305193e-15	9.32592389209854	1	1
748	OTU1132	2.56274120305193e-15	9.32592389209854	1	1
749	OTU1133	2.56274120305193e-15	9.32592389209854	1	1
750	OTU1141	2.56274120305193e-15	9.32592389209854	1	1
751	OTU1162	2.56274120305193e-15	9.32592389209854	1	1
752	OTU1171	2.56274120305193e-15	9.32592389209854	1	1
753	OTU1174	2.56274120305193e-15	9.32592389209854	1	1
754	OTU1195	2.56274120305193e-15	9.32592389209854	1	1
755	OTU1197	2.56274120305193e-15	9.32592389209854	1	1
756	OTU1199	2.56274120305193e-15	9.32592389209854	1	1
757	OTU1216	2.56274120305193e-15	9.32592389209854	1	1
758	OTU1221	2.56274120305193e-15	9.32592389209854	1	1
759	OTU1231	2.56274120305193e-15	9.32592389209854	1	1
760	OTU1232	2.56274120305193e-15	9.32592389209854	1	1
761	OTU1238	2.56274120305193e-15	9.32592389209854	1	1
762	OTU1239	2.56274120305193e-15	9.32592389209854	1	1
763	OTU1244	2.56274120305193e-15	9.32592389209854	1	1
764	OTU1248	2.56274120305193e-15	9.32592389209854	1	1
765	OTU1254	2.56274120305193e-15	9.32592389209854	1	1
766	OTU1266	2.56274120305193e-15	9.32592389209854	1	1
767	OTU1274	2.56274120305193e-15	9.32592389209854	1	1
768	OTU1286	2.56274120305193e-15	9.32592389209854	1	1
769	OTU1291	2.56274120305193e-15	9.32592389209854	1	1
770	OTU1292	2.56274120305193e-15	9.32592389209854	1	1
771	OTU1293	2.56274120305193e-15	9.32592389209854	1	1
772	OTU1294	2.56274120305193e-15	9.32592389209854	1	1
773	OTU1297	2.56274120305193e-15	9.32592389209854	1	1
774	OTU1298	2.56274120305193e-15	9.32592389209854	1	1
775	OTU1314	2.56274120305193e-15	9.32592389209854	1	1
776	OTU1317	2.56274120305193e-15	9.32592389209854	1	1
777	OTU1327	2.56274120305193e-15	9.32592389209854	1	1
778	OTU1334	2.56274120305193e-15	9.32592389209854	1	1
779	OTU1340	2.56274120305193e-15	9.32592389209854	1	1
780	OTU1358	2.56274120305193e-15	9.32592389209854	1	1
781	OTU1369	2.56274120305193e-15	9.32592389209854	1	1
782	OTU1375	2.56274120305193e-15	9.32592389209854	1	1
783	OTU1382	2.56274120305193e-15	9.32592389209854	1	1
784	OTU1401	2.56274120305193e-15	9.32592389209854	1	1
785	OTU1405	2.56274120305193e-15	9.32592389209854	1	1
786	OTU1408	2.56274120305193e-15	9.32592389209854	1	1
787	OTU1422	2.56274120305193e-15	9.32592389209854	1	1
788	OTU1424	2.56274120305193e-15	9.32592389209854	1	1
789	OTU1434	2.56274120305193e-15	9.32592389209854	1	1
790	OTU1448	2.56274120305193e-15	9.32592389209854	1	1
791	OTU1450	2.56274120305193e-15	9.32592389209854	1	1
792	OTU1453	2.56274120305193e-15	9.32592389209854	1	1
793	OTU1462	2.56274120305193e-15	9.32592389209854	1	1
794	OTU1475	2.56274120305193e-15	9.32592389209854	1	1
795	OTU1476	2.56274120305193e-15	9.32592389209854	1	1
796	OTU1479	2.56274120305193e-15	9.32592389209854	1	1
797	OTU1490	2.56274120305193e-15	9.32592389209854	1	1
798	OTU1492	2.56274120305193e-15	9.32592389209854	1	1
799	OTU1497	2.56274120305193e-15	9.32592389209854	1	1
800	OTU1499	2.56274120305193e-15	9.32592389209854	1	1
801	OTU1502	2.56274120305193e-15	9.32592389209854	1	1
802	OTU1515	2.56274120305193e-15	9.32592389209854	1	1
803	OTU1518	2.56274120305193e-15	9.32592389209854	1	1
804	OTU1526	2.56274120305193e-15	9.32592389209854	1	1
805	OTU1527	2.56274120305193e-15	9.32592389209854	1	1
806	OTU1529	2.56274120305193e-15	9.32592389209854	1	1
807	OTU1543	2.56274120305193e-15	9.32592389209854	1	1
808	OTU1547	2.56274120305193e-15	9.32592389209854	1	1
809	OTU1548	2.56274120305193e-15	9.32592389209854	1	1
810	OTU1563	2.56274120305193e-15	9.32592389209854	1	1
811	OTU1575	2.56274120305193e-15	9.32592389209854	1	1
812	OTU1578	2.56274120305193e-15	9.32592389209854	1	1
813	OTU1600	2.56274120305193e-15	9.32592389209854	1	1
814	OTU1604	2.56274120305193e-15	9.32592389209854	1	1
815	OTU1610	2.56274120305193e-15	9.32592389209854	1	1
816	OTU1621	2.56274120305193e-15	9.32592389209854	1	1
817	OTU1623	2.56274120305193e-15	9.32592389209854	1	1
818	OTU1624	2.56274120305193e-15	9.32592389209854	1	1
819	OTU1632	2.56274120305193e-15	9.32592389209854	1	1
820	OTU1633	2.56274120305193e-15	9.32592389209854	1	1
821	OTU1635	2.56274120305193e-15	9.32592389209854	1	1
822	OTU1636	2.56274120305193e-15	9.32592389209854	1	1
823	OTU1661	2.56274120305193e-15	9.32592389209854	1	1
824	OTU1670	2.56274120305193e-15	9.32592389209854	1	1
825	OTU1679	2.56274120305193e-15	9.32592389209854	1	1
826	OTU1686	2.56274120305193e-15	9.32592389209854	1	1
827	OTU1690	2.56274120305193e-15	9.32592389209854	1	1
828	OTU1692	2.56274120305193e-15	9.32592389209854	1	1
829	OTU1696	2.56274120305193e-15	9.32592389209854	1	1
830	OTU1706	2.56274120305193e-15	9.32592389209854	1	1
831	OTU1711	2.56274120305193e-15	9.32592389209854	1	1
832	OTU1722	2.56274120305193e-15	9.32592389209854	1	1
833	OTU1727	2.56274120305193e-15	9.32592389209854	1	1
834	OTU1734	2.56274120305193e-15	9.32592389209854	1	1
835	OTU1749	2.56274120305193e-15	9.32592389209854	1	1
836	OTU1752	2.56274120305193e-15	9.32592389209854	1	1
837	OTU1759	2.56274120305193e-15	9.32592389209854	1	1
838	OTU1764	2.56274120305193e-15	9.32592389209854	1	1
839	OTU1766	2.56274120305193e-15	9.32592389209854	1	1
840	OTU1772	2.56274120305193e-15	9.32592389209854	1	1
841	OTU1791	2.56274120305193e-15	9.32592389209854	1	1
842	OTU1800	2.56274120305193e-15	9.32592389209854	1	1
843	OTU1826	2.56274120305193e-15	9.32592389209854	1	1
844	OTU1841	2.56274120305193e-15	9.32592389209854	1	1
845	OTU1849	2.56274120305193e-15	9.32592389209854	1	1
846	OTU1855	2.56274120305193e-15	9.32592389209854	1	1
847	OTU1860	2.56274120305193e-15	9.32592389209854	1	1
848	OTU1872	2.56274120305193e-15	9.32592389209854	1	1
849	OTU1876	2.56274120305193e-15	9.32592389209854	1	1
850	OTU1881	2.56274120305193e-15	9.32592389209854	1	1
851	OTU1885	2.56274120305193e-15	9.32592389209854	1	1
852	OTU1888	2.56274120305193e-15	9.32592389209854	1	1
853	OTU1895	2.56274120305193e-15	9.32592389209854	1	1
854	OTU1911	2.56274120305193e-15	9.32592389209854	1	1
855	OTU1925	2.56274120305193e-15	9.32592389209854	1	1
856	OTU1933	2.56274120305193e-15	9.32592389209854	1	1
857	OTU1939	2.56274120305193e-15	9.32592389209854	1	1
858	OTU1945	2.56274120305193e-15	9.32592389209854	1	1
859	OTU1960	2.56274120305193e-15	9.32592389209854	1	1
860	OTU1984	2.56274120305193e-15	9.32592389209854	1	1
861	OTU1991	2.56274120305193e-15	9.32592389209854	1	1
862	OTU1999	2.56274120305193e-15	9.32592389209854	1	1
863	OTU2010	2.56274120305193e-15	9.32592389209854	1	1
864	OTU2013	2.56274120305193e-15	9.32592389209854	1	1
865	OTU2014	2.56274120305193e-15	9.32592389209854	1	1
866	OTU2016	2.56274120305193e-15	9.32592389209854	1	1
867	OTU2018	2.56274120305193e-15	9.32592389209854	1	1
868	OTU2028	2.56274120305193e-15	9.32592389209854	1	1
869	OTU2029	2.56274120305193e-15	9.32592389209854	1	1
870	OTU2031	2.56274120305193e-15	9.32592389209854	1	1
871	OTU2034	2.56274120305193e-15	9.32592389209854	1	1
872	OTU2040	2.56274120305193e-15	9.32592389209854	1	1
873	OTU2042	2.56274120305193e-15	9.32592389209854	1	1
874	OTU2044	2.56274120305193e-15	9.32592389209854	1	1
875	OTU2054	2.56274120305193e-15	9.32592389209854	1	1
876	OTU2059	2.56274120305193e-15	9.32592389209854	1	1
877	OTU2065	2.56274120305193e-15	9.32592389209854	1	1
878	OTU2066	2.56274120305193e-15	9.32592389209854	1	1
879	OTU2087	2.56274120305193e-15	9.32592389209854	1	1
880	OTU2091	2.56274120305193e-15	9.32592389209854	1	1
881	OTU2105	2.56274120305193e-15	9.32592389209854	1	1
882	OTU2130	2.56274120305193e-15	9.32592389209854	1	1
883	OTU2131	2.56274120305193e-15	9.32592389209854	1	1
884	OTU2136	2.56274120305193e-15	9.32592389209854	1	1
885	OTU2148	2.56274120305193e-15	9.32592389209854	1	1
886	OTU2150	2.56274120305193e-15	9.32592389209854	1	1
887	OTU2202	2.56274120305193e-15	9.32592389209854	1	1
888	OTU2247	2.56274120305193e-15	9.32592389209854	1	1
889	OTU2251	2.56274120305193e-15	9.32592389209854	1	1
890	OTU2257	2.56274120305193e-15	9.32592389209854	1	1
891	OTU2258	2.56274120305193e-15	9.32592389209854	1	1
892	OTU2273	2.56274120305193e-15	9.32592389209854	1	1
893	OTU2278	2.56274120305193e-15	9.32592389209854	1	1
894	OTU2286	2.56274120305193e-15	9.32592389209854	1	1
895	OTU2289	2.56274120305193e-15	9.32592389209854	1	1
896	OTU2290	2.56274120305193e-15	9.32592389209854	1	1
897	OTU2298	2.56274120305193e-15	9.32592389209854	1	1
898	OTU2304	2.56274120305193e-15	9.32592389209854	1	1
899	OTU4	-0.0425162386862609	17.5867898233074	0.812301739295311	1
900	OTU83	-0.0641899278025076	11.0181430799264	0.693262511773229	1
901	OTU100	-0.0702959587325013	10.1456129381518	0.809867665629083	1
902	OTU131	-0.112740996605718	9.59860243069373	1	1
903	OTU1694	-0.113763697638234	9.60012223453237	1	1
904	OTU379	-0.115269206903653	9.60168064990261	1	1
905	OTU1213	-0.12798063112384	10.3587003544353	1	1
906	OTU65	-0.142976342513977	10.1957657465145	0.999999999999999	1
907	OTU5	-0.158469119037438	15.2388320772073	0.447188506521236	1
908	OTU95	-0.211700125625047	9.95058614139469	1	1
909	OTU51	-0.230213565894595	10.8928380773715	0.488980574413663	1
910	OTU59	-0.248530659396397	11.3509553736738	0.454066550795849	1
911	OTU173	-0.248777336672319	9.7448447615672	1	1
912	OTU60	-0.257237932543373	9.73946730728975	1	1
913	OTU1001	-0.261982313516519	9.74557791615225	0.731017972992202	1
914	OTU180	-0.268472736900796	9.74324444353808	0.731017972992202	1
915	OTU371	-0.269870772641373	9.74483806687822	0.731017972992202	1
916	OTU122	-0.347261049306464	10.3967590506732	0.560480792450961	1
917	OTU274	-0.351014198777652	9.86444789638229	0.758888399886987	1
918	OTU2056	-0.366872290362621	9.4940081460315	1	1
919	OTU290	-0.369322408341394	9.49524596177398	1	1
920	OTU1011	-0.369443562369713	9.49519650677645	1	1
921	OTU183	-0.370482530346276	9.494775360286	1	1
922	OTU790	-0.373414233778171	9.9881270175283	0.796393720673664	1
923	OTU323	-0.373496439614163	9.49826380670344	1	1
924	OTU190	-0.373849937715241	9.49844917169264	1	1
925	OTU187	-0.374095204254745	9.49768669267749	1	1
926	OTU287	-0.378293096733679	9.49185706550504	1	1
927	OTU503	-0.378293096733679	9.49185706550504	1	1
928	OTU372	-0.378954642245719	9.50027445451807	1	1
929	OTU109	-0.379270065877115	9.98257118420364	0.77986158688221	1
930	OTU426	-0.380646333806127	9.49304352229906	1	1
931	OTU1209	-0.383671991348408	9.49461338966185	1	1
932	OTU373	-0.446541447291186	9.64083218826995	1	1
933	OTU111	-0.45104044705471	9.64890485056956	1	1
934	OTU76	-0.455272057301032	9.63744512607647	1	1
935	OTU168	-0.456370789921597	9.64584588143831	1	1
936	OTU1542	-0.517362699999786	9.90796085868619	0.557962066459476	1
937	OTU56	-0.620078386188406	10.7438236292088	0.234255659115698	1
938	OTU129	-0.637282792091818	10.1559549595709	0.349025479153853	1
939	OTU195	-0.676304789830861	9.82239801884729	0.515832351385966	1
940	OTU260	-0.715108336026622	9.69260854434481	0.691342342992215	1
941	OTU1412	-0.77296010573584	10.6790846106987	0.22021024267141	1
942	OTU396	-0.797229703026783	9.54465833200309	1	1
943	OTU442	-0.800691449383902	9.54546851161128	1	1
944	OTU288	-0.804377218704211	9.54831489007214	0.628092823113571	1
945	OTU171	-0.804664344193534	9.54949451859722	0.628092823113571	1
946	OTU414	-0.806077800302649	9.54133731528802	1	1
947	OTU234	-0.806698797140894	9.54852818136112	0.628092823113571	1
948	OTU380	-0.806776645527252	9.5486336429006	0.628092823113571	1
949	OTU370	-0.806889108813873	9.54965266388483	0.628092823113571	1
950	OTU756	-0.812685518341788	9.55170449084607	0.628092823113571	1
951	OTU362	-0.820395270641238	9.54874189796857	0.628092823113571	1
952	OTU523	-0.820395270641238	9.54874189796857	0.628092823113571	1
953	OTU154	-0.847559816360104	9.86958111146168	0.557962066459476	1
954	OTU332	-0.883144316418096	9.86566555109399	0.353794985718618	1
955	OTU211	-0.957656974265242	9.73202712946838	0.459849100236376	1
956	OTU110	-0.96591194362309	9.73627791019406	0.459849100236376	1
957	OTU144	-1.04359319600387	10.0527329341317	0.19208274265979	1
958	OTU314	-1.10978694132592	9.38301573117772	1	1
959	OTU432	-1.10978694132592	9.38301573117772	1	1
960	OTU440	-1.10978694132592	9.38301573117772	1	1
961	OTU472	-1.10978694132592	9.38301573117772	1	1
962	OTU486	-1.10978694132592	9.38301573117772	1	1
963	OTU501	-1.10978694132592	9.38301573117772	1	1
964	OTU537	-1.10978694132592	9.38301573117772	1	1
965	OTU545	-1.10978694132592	9.38301573117772	1	1
966	OTU576	-1.10978694132592	9.38301573117772	1	1
967	OTU603	-1.10978694132592	9.38301573117772	1	1
968	OTU644	-1.10978694132592	9.38301573117772	1	1
969	OTU675	-1.10978694132592	9.38301573117772	1	1
970	OTU690	-1.10978694132592	9.38301573117772	1	1
971	OTU693	-1.10978694132592	9.38301573117772	1	1
972	OTU697	-1.10978694132592	9.38301573117772	1	1
973	OTU716	-1.10978694132592	9.38301573117772	1	1
974	OTU754	-1.10978694132592	9.38301573117772	1	1
975	OTU766	-1.10978694132592	9.38301573117772	1	1
976	OTU869	-1.10978694132592	9.38301573117772	1	1
977	OTU876	-1.10978694132592	9.38301573117772	1	1
978	OTU903	-1.10978694132592	9.38301573117772	1	1
979	OTU1003	-1.10978694132592	9.38301573117772	1	1
980	OTU1056	-1.10978694132592	9.38301573117772	1	1
981	OTU1091	-1.10978694132592	9.38301573117772	1	1
982	OTU1155	-1.10978694132592	9.38301573117772	1	1
983	OTU1234	-1.10978694132592	9.38301573117772	1	1
984	OTU1443	-1.10978694132592	9.38301573117772	1	1
985	OTU1656	-1.10978694132592	9.38301573117772	1	1
986	OTU2051	-1.10978694132592	9.38301573117772	1	1
987	OTU2083	-1.10978694132592	9.38301573117772	1	1
988	OTU2163	-1.10978694132592	9.38301573117772	1	1
989	OTU2282	-1.10978694132592	9.38301573117772	1	1
990	OTU333	-1.10988890886393	9.38306631993874	1	1
991	OTU354	-1.10988890886393	9.38306631993874	1	1
992	OTU375	-1.10988890886393	9.38306631993874	1	1
993	OTU423	-1.10988890886393	9.38306631993874	1	1
994	OTU433	-1.10988890886393	9.38306631993874	1	1
995	OTU495	-1.10988890886393	9.38306631993874	1	1
996	OTU616	-1.10988890886393	9.38306631993874	1	1
997	OTU632	-1.10988890886393	9.38306631993874	1	1
998	OTU666	-1.10988890886393	9.38306631993874	1	1
999	OTU831	-1.10988890886393	9.38306631993874	1	1
1000	OTU841	-1.10988890886393	9.38306631993874	1	1
1001	OTU878	-1.10988890886393	9.38306631993874	1	1
1002	OTU1037	-1.10988890886393	9.38306631993874	1	1
1003	OTU1130	-1.10988890886393	9.38306631993874	1	1
1004	OTU1634	-1.10988890886393	9.38306631993874	1	1
1005	OTU308	-1.11226514602388	9.38426714652494	1	1
1006	OTU352	-1.11226514602388	9.38426714652494	1	1
1007	OTU427	-1.11226514602388	9.38426714652494	1	1
1008	OTU451	-1.11226514602388	9.38426714652494	1	1
1009	OTU480	-1.11226514602388	9.38426714652494	1	1
1010	OTU493	-1.11226514602388	9.38426714652494	1	1
1011	OTU502	-1.11226514602388	9.38426714652494	1	1
1012	OTU510	-1.11226514602388	9.38426714652494	1	1
1013	OTU531	-1.11226514602388	9.38426714652494	1	1
1014	OTU577	-1.11226514602388	9.38426714652494	1	1
1015	OTU614	-1.11226514602388	9.38426714652494	1	1
1016	OTU647	-1.11226514602388	9.38426714652494	1	1
1017	OTU688	-1.11226514602388	9.38426714652494	1	1
1018	OTU721	-1.11226514602388	9.38426714652494	1	1
1019	OTU791	-1.11226514602388	9.38426714652494	1	1
1020	OTU840	-1.11226514602388	9.38426714652494	1	1
1021	OTU853	-1.11226514602388	9.38426714652494	1	1
1022	OTU1040	-1.11226514602388	9.38426714652494	1	1
1023	OTU1088	-1.11226514602388	9.38426714652494	1	1
1024	OTU1157	-1.11226514602388	9.38426714652494	1	1
1025	OTU1252	-1.11226514602388	9.38426714652494	1	1
1026	OTU1390	-1.11226514602388	9.38426714652494	1	1
1027	OTU1519	-1.11226514602388	9.38426714652494	1	1
1028	OTU313	-1.11343263385545	9.38487296897092	1	1
1029	OTU360	-1.11343263385545	9.38487296897092	1	1
1030	OTU374	-1.11343263385545	9.38487296897092	1	1
1031	OTU434	-1.11343263385545	9.38487296897092	1	1
1032	OTU474	-1.11343263385545	9.38487296897092	1	1
1033	OTU512	-1.11343263385545	9.38487296897092	1	1
1034	OTU533	-1.11343263385545	9.38487296897092	1	1
1035	OTU664	-1.11343263385545	9.38487296897092	1	1
1036	OTU805	-1.11343263385545	9.38487296897092	1	1
1037	OTU1039	-1.11343263385545	9.38487296897092	1	1
1038	OTU1258	-1.11343263385545	9.38487296897092	1	1
1039	OTU1388	-1.11343263385545	9.38487296897092	1	1
1040	OTU1392	-1.11343263385545	9.38487296897092	1	1
1041	OTU1400	-1.11343263385545	9.38487296897092	1	1
1042	OTU1676	-1.11343263385545	9.38487296897092	1	1
1043	OTU293	-1.11378802178162	9.38505951865426	1	1
1044	OTU301	-1.11378802178162	9.38505951865426	1	1
1045	OTU355	-1.11378802178162	9.38505951865426	1	1
1046	OTU378	-1.11378802178162	9.38505951865426	1	1
1047	OTU390	-1.11378802178162	9.38505951865426	1	1
1048	OTU395	-1.11378802178162	9.38505951865426	1	1
1049	OTU547	-1.11378802178162	9.38505951865426	1	1
1050	OTU670	-1.11378802178162	9.38505951865426	1	1
1051	OTU683	-1.11378802178162	9.38505951865426	1	1
1052	OTU720	-1.11378802178162	9.38505951865426	1	1
1053	OTU740	-1.11378802178162	9.38505951865426	1	1
1054	OTU852	-1.11378802178162	9.38505951865426	1	1
1055	OTU856	-1.11378802178162	9.38505951865426	1	1
1056	OTU859	-1.11378802178162	9.38505951865426	1	1
1057	OTU877	-1.11378802178162	9.38505951865426	1	1
1058	OTU987	-1.11378802178162	9.38505951865426	1	1
1059	OTU1085	-1.11378802178162	9.38505951865426	1	1
1060	OTU1160	-1.11378802178162	9.38505951865426	1	1
1061	OTU1188	-1.11378802178162	9.38505951865426	1	1
1062	OTU1201	-1.11378802178162	9.38505951865426	1	1
1063	OTU1214	-1.11378802178162	9.38505951865426	1	1
1064	OTU1223	-1.11378802178162	9.38505951865426	1	1
1065	OTU1341	-1.11378802178162	9.38505951865426	1	1
1066	OTU1393	-1.11378802178162	9.38505951865426	1	1
1067	OTU1413	-1.11378802178162	9.38505951865426	1	1
1068	OTU1421	-1.11378802178162	9.38505951865426	1	1
1069	OTU1437	-1.11378802178162	9.38505951865426	1	1
1070	OTU1512	-1.11378802178162	9.38505951865426	1	1
1071	OTU1708	-1.11378802178162	9.38505951865426	1	1
1072	OTU1829	-1.11378802178162	9.38505951865426	1	1
1073	OTU1903	-1.11378802178162	9.38505951865426	1	1
1074	OTU2015	-1.11378802178162	9.38505951865426	1	1
1075	OTU455	-1.11587049557067	9.3861732525216	1	1
1076	OTU743	-1.11587049557067	9.3861732525216	1	1
1077	OTU778	-1.11587049557067	9.3861732525216	1	1
1078	OTU801	-1.11587049557067	9.3861732525216	1	1
1079	OTU913	-1.11587049557067	9.3861732525216	1	1
1080	OTU1015	-1.11587049557067	9.3861732525216	1	1
1081	OTU2299	-1.11587049557067	9.3861732525216	1	1
1082	OTU2308	-1.11587049557067	9.3861732525216	1	1
1083	OTU73	-1.13075859058778	9.5943371315719	0.628092823113571	1
1084	OTU541	-1.13428638527525	9.59621259008935	0.628092823113571	1
1085	OTU271	-1.14485873003251	9.59466862931791	0.628092823113571	1
1086	OTU210	-1.14634881177857	9.59544627299656	0.628092823113571	1
1087	OTU146	-1.15151304628881	9.59813063470015	0.380154705189284	1
1088	OTU266	-1.31400935312903	9.8196164120387	0.297147776582878	1
1089	OTU130	-1.33696547395463	9.82369319781927	0.187805489181336	1
1090	OTU132	-1.40319899256364	9.64499572665779	0.380154705189284	1
1091	OTU172	-1.4101323163968	9.64061830023442	0.380154705189284	1
1092	OTU416	-1.41251180907103	9.64183290757996	0.380154705189284	1
1093	OTU1407	-1.41990021367729	9.64569181180165	0.224560886287818	1
1094	OTU1277	-1.60157669681728	9.90548124930504	0.237128082438128	1
1095	OTU299	-1.62245228167484	9.68755162439368	0.224560886287818	1
1096	OTU222	-1.63560254214426	9.69330083057614	0.224560886287818	1
1097	OTU217	-1.72798536098351	9.43781477773278	0.502074688796679	1
1098	OTU540	-1.72798536098351	9.43781477773278	0.502074688796679	1
1099	OTU546	-1.72798536098351	9.43781477773278	0.502074688796679	1
1100	OTU702	-1.72798536098351	9.43781477773278	0.502074688796679	1
1101	OTU826	-1.72798536098351	9.43781477773278	0.502074688796679	1
1102	OTU973	-1.72798536098351	9.43781477773278	0.502074688796679	1
1103	OTU2121	-1.72798536098351	9.43781477773278	0.502074688796679	1
1104	OTU485	-1.72808601437995	9.43786500782893	0.502074688796679	1
1105	OTU641	-1.72808601437995	9.43786500782893	0.502074688796679	1
1106	OTU744	-1.72808601437995	9.43786500782893	0.502074688796679	1
1107	OTU1370	-1.72818667434146	9.43791523911119	0.502074688796679	1
1108	OTU279	-1.73043547896228	9.43905821052345	0.502074688796679	1
1109	OTU365	-1.73043547896228	9.43905821052345	0.502074688796679	1
1110	OTU384	-1.73043547896228	9.43905821052345	0.502074688796679	1
1111	OTU661	-1.73043547896228	9.43905821052345	0.502074688796679	1
1112	OTU939	-1.73043547896228	9.43905821052345	0.502074688796679	1
1113	OTU2215	-1.73043547896228	9.43905821052345	0.502074688796679	1
1114	OTU539	-1.73053629305024	9.43910847081543	0.502074688796679	1
1115	OTU731	-1.73159253215526	9.43966083594304	0.502074688796679	1
1116	OTU796	-1.73159253215526	9.43966083594304	0.502074688796679	1
1117	OTU819	-1.73159253215526	9.43966083594304	0.502074688796679	1
1118	OTU938	-1.73159253215526	9.43966083594304	0.502074688796679	1
1119	OTU679	-1.73169342277227	9.43971111149558	0.502074688796679	1
1120	OTU484	-1.73194510127302	9.43984648903829	0.502074688796679	1
1121	OTU297	-1.73204601529188	9.43989676937499	0.502074688796679	1
1122	OTU749	-1.73204601529188	9.43989676937499	0.502074688796679	1
1123	OTU906	-1.73204601529188	9.43989676937499	0.502074688796679	1
1124	OTU1055	-1.73204601529188	9.43989676937499	0.502074688796679	1
1125	OTU630	-1.73288953012269	9.44030241148361	0.502074688796679	1
1126	OTU752	-1.73288953012269	9.44030241148361	0.502074688796679	1
1127	OTU1384	-1.73288953012269	9.44030241148361	0.502074688796679	1
1128	OTU330	-1.7340484564677	9.4409054247288	0.502074688796679	1
1129	OTU244	-1.7341154796712	9.44100604243842	0.502074688796679	1
1130	OTU185	-1.73440159837464	9.44109119935102	0.502074688796679	1
1131	OTU229	-1.73440159837464	9.44109119935102	0.502074688796679	1
1132	OTU346	-1.73440159837464	9.44109119935102	0.502074688796679	1
1133	OTU518	-1.73440159837464	9.44109119935102	0.502074688796679	1
1134	OTU769	-1.73440159837464	9.44109119935102	0.502074688796679	1
1135	OTU1312	-1.73440159837464	9.44109119935102	0.502074688796679	1
1136	OTU976	-1.73520827487564	9.4415086334831	0.502074688796679	1
1137	OTU2252	-1.73556168956389	9.44169446933208	0.502074688796679	1
1138	OTU233	-1.73591518766497	9.44188032435051	0.502074688796679	1
1139	OTU445	-1.73591518766497	9.44188032435051	0.502074688796679	1
1140	OTU449	-1.73591518766497	9.44188032435051	0.502074688796679	1
1141	OTU660	-1.73591518766497	9.44188032435051	0.502074688796679	1
1142	OTU1282	-1.73591518766497	9.44188032435051	0.502074688796679	1
1143	OTU412	-1.73647430553897	9.44220118926197	0.502074688796679	1
1144	OTU463	-1.73647430553897	9.44220118926197	0.502074688796679	1
1145	OTU492	-1.73647430553897	9.44220118926197	0.502074688796679	1
1146	OTU708	-1.73647430553897	9.44220118926197	0.502074688796679	1
1147	OTU823	-1.73647430553897	9.44220118926197	0.502074688796679	1
1148	OTU303	-1.73763600681753	9.44280483485359	0.502074688796679	1
1149	OTU391	-1.73763600681753	9.44280483485359	0.502074688796679	1
1150	OTU584	-1.73763600681753	9.44280483485359	0.502074688796679	1
1151	OTU759	-1.73763600681753	9.44280483485359	0.502074688796679	1
1152	OTU324	-1.73798999725978	9.44299080742669	0.502074688796679	1
1153	OTU376	-1.73798999725978	9.44299080742669	0.502074688796679	1
1154	OTU629	-1.73798999725978	9.44299080742669	0.502074688796679	1
1155	OTU466	-1.74006771286661	9.4441020109592	0.502074688796679	1
1156	OTU667	-1.74006771286661	9.4441020109592	0.502074688796679	1
1157	OTU300	-2.1584203798706	9.49059490064624	0.502074688796679	1
1158	OTU364	-2.1584203798706	9.49059490064624	0.502074688796679	1
1159	OTU404	-2.1584203798706	9.49059490064624	0.502074688796679	1
1160	OTU653	-2.1584203798706	9.49059490064624	0.502074688796679	1
1161	OTU224	-2.16074392850733	9.49178062269372	0.502074688796679	1
1162	OTU181	-2.16179125728796	9.49233018808473	0.253112033195021	1
1163	OTU338	-2.16179125728796	9.49233018808473	0.253112033195021	1
1164	OTU575	-2.16179125728796	9.49233018808473	0.253112033195021	1
1165	OTU1062	-2.16179125728796	9.49233018808473	0.253112033195021	1
1166	OTU746	-2.16199047151311	9.49243003219394	0.253112033195021	1
1167	OTU439	-2.16224069493908	9.49256488241309	0.502074688796679	1
1168	OTU331	-2.16307094570651	9.49296703618255	0.253112033195021	1
1169	OTU347	-2.16307094570651	9.49296703618255	0.253112033195021	1
1170	OTU267	-2.16421960887963	9.49356688736825	0.253112033195021	1
1171	OTU259	-2.16431936700564	9.49361683826327	0.253112033195021	1
1172	OTU551	-2.16536913529678	9.49416693021733	0.253112033195021	1
1173	OTU358	-2.16571976370295	9.49435187744329	0.253112033195021	1
1174	OTU383	-2.16617035028467	9.49458681866855	0.253112033195021	1
1175	OTU307	-2.16700266399826	9.49498934261648	0.253112033195021	1
1176	OTU464	-2.16780308379238	9.49540475889338	0.253112033195021	1
1177	OTU714	-2.16815426731596	9.49558982521413	0.253112033195021	1
1178	OTU955	-2.16815426731596	9.49558982521413	0.253112033195021	1
1179	OTU1173	-2.16815426731596	9.49558982521413	0.253112033195021	1
1180	OTU1477	-2.16815426731596	9.49558982521413	0.253112033195021	1
1181	OTU167	-2.16850553212467	9.4957749103831	0.253112033195021	1
1182	OTU1614	-2.16930673800061	9.49619049972453	0.253112033195021	1
1183	OTU2306	-2.16965826858339	9.49637564506237	0.253112033195021	1
1184	OTU589	-2.17137287204494	9.49729751117134	0.253112033195021	1
1185	OTU682	-2.1726384669578	9.49798913624801	0.253112033195021	1
1186	OTU344	-2.4883153852851	9.54121191842992	0.253112033195021	1
1187	OTU296	-2.49071153920379	9.54243974546847	0.253112033195021	1
1188	OTU1514	-2.49080982257067	9.54248930397948	0.253112033195021	1
1189	OTU483	-2.4931113069642	9.54366830304642	0.253112033195021	1
1190	OTU446	-2.49424994138176	9.54426503498922	0.253112033195021	1
1191	OTU295	-2.49434844259713	9.54431463667724	0.253112033195021	1
1192	OTU246	-2.49628253105659	9.54532936546305	0.253112033195021	1
1193	OTU771	-2.49700325566622	9.54567882226035	0.253112033195021	1
1194	OTU803	-2.49700325566622	9.54567882226035	0.253112033195021	1
1195	OTU262	-2.49849324453135	9.54646037755637	0.253112033195021	1
