	Geneid	log2(fc)	logCPM	pvalue	FDR
1	OTU3	4.03856922323497	17.5104418748314	9.03368370581215e-77	1.07952520284455e-73
2	OTU11	4.34471828439333	14.8089188060552	9.81643663104075e-66	3.9102139246979e-63
3	OTU9	3.7334813214856	16.6910563741849	8.83478214907844e-66	3.9102139246979e-63
4	OTU23	7.97276414114362	13.0172229551068	2.28658150454429e-53	6.83116224482606e-51
5	OTU20	8.81892969343432	12.8405197914927	8.2576939998179e-50	1.97358886595648e-47
6	OTU30	7.15163168670343	12.7234226867975	1.07372279500306e-47	2.13849790004776e-45
7	OTU1	2.92486681221018	17.9987556131136	1.8457169693687e-47	3.15090254056514e-45
8	OTU1564	4.69963486483995	12.4013455569915	1.40755780275923e-37	2.10253946787161e-35
9	OTU656	3.41287983169065	13.551234092762	2.35481849985357e-37	3.12667567480557e-35
10	OTU21	-8.16717173017389	12.7605024153387	4.51286161703028e-33	5.39286963235119e-31
11	OTU6	6.79383925613765	11.8688037596906	1.71733396130198e-29	1.86564916705079e-27
12	OTU24	-3.2917988762903	13.7544036528727	1.01089958271489e-27	1.00668750112025e-25
13	OTU38	3.77746264334421	12.133341911885	5.47077537311041e-26	5.02890505451303e-24
14	OTU16	-3.05795536577113	13.2307234627342	6.50119094349411e-23	5.5492308410539e-21
15	OTU4	-1.46769509308544	16.722419236346	4.67075650184462e-14	3.72103601313622e-12
16	OTU1896	6.53628892222857	10.8378940357573	7.31683875152483e-14	5.46476394254511e-12
17	OTU1099	3.78878108220867	11.1197936567687	1.306730778034e-13	9.1855487044155e-12
18	OTU252	4.67555419793334	10.6417467512387	3.65903787438891e-13	2.42919458883042e-11
19	OTU1315	-6.08047121198131	11.0928984485797	4.98553806363513e-11	3.13564104528631e-09
20	OTU8	-2.07960214220662	12.7552851969766	4.05262305737058e-10	2.42144227677892e-08
21	OTU71	5.87564872683897	10.3901494113026	5.11490397330596e-10	2.91062392766696e-08
22	OTU28	2.40309979933936	11.4748300887504	1.16570049822542e-09	6.33187316081533e-08
23	OTU91	3.30826308885121	10.661056820909	3.01321658441744e-09	1.56556252972993e-07
24	OTU13	-1.27899755885813	14.0558782525826	1.98918325972588e-08	9.90447498071846e-07
25	OTU80	3.65156641741012	10.3322876865517	4.3928670643581e-08	2.09979045676317e-06
26	OTU68	2.75985009318947	10.8072231392636	9.90647554212279e-08	4.55316856647567e-06
27	OTU73	3.38659185357278	10.3919060949786	2.36188027773466e-07	1.0453507155159e-05
28	OTU79	2.56556614638632	10.6903298195971	4.09930436038453e-07	1.74952453952125e-05
29	OTU67	3.1277868029472	10.2720103173204	1.29269426635711e-06	5.32679189067842e-05
30	OTU63	3.48324362035263	10.2631738600165	4.05217714166248e-06	0.000156204893041505
31	OTU39	2.89777392785903	10.1621707898789	4.05217714166248e-06	0.000156204893041505
32	OTU2207	2.62163643019595	10.5403588395175	1.26482071869083e-05	0.000472331487136106
33	OTU173	2.66283919839924	10.2126383828397	2.52381241735432e-05	0.000913926011738913
34	OTU22	1.37003483582032	11.9168612708692	3.24236954468707e-05	0.00113959753114737
35	OTU25	1.41784082784697	11.7823993112435	3.61699669237159e-05	0.0012349460135383
36	OTU120	-4.74573087752868	10.262840913424	4.06085484057352e-05	0.00134797820402371
37	OTU15	1.15066140859573	12.3947603340961	4.26664219066931e-05	0.00137801011293238
38	OTU35	-1.53431481853787	11.9876810103329	5.07051841933942e-05	0.001594544608187
39	OTU33	-1.36694245146207	12.3513615800866	6.02570689674655e-05	0.00180017993540303
40	OTU96	-1.75253583977522	11.4288808070132	6.02433672210337e-05	0.00180017993540303
41	OTU58	-4.73863542648134	10.2585050211874	7.25031837089902e-05	0.00211320254956691
42	OTU2046	-1.48892054871522	11.6070832037227	9.67079291642587e-05	0.00275157084169736
43	OTU7	-0.77938288368908	15.5364524198977	0.000102541926806579	0.00284971168683401
44	OTU1001	2.89852647836189	10.3261564474925	0.000109450936184979	0.00297258792593294
45	OTU19	1.07188034420914	12.8291818534082	0.000164558246917918	0.0043699356681536
46	OTU89	-4.57414297917487	10.1755353690752	0.000231832964266269	0.00602261722387373
47	OTU36	-1.28325655025147	11.7115592367095	0.000250798043945458	0.00637667367052814
48	OTU32	1.3231239439919	11.6423041130877	0.000478665595206514	0.0119167788806622
49	OTU254	1.41099232704856	11.1836523535336	0.00126606331167002	0.0308764419886872
50	OTU235	-4.18150586738442	9.99823831025544	0.00133108704503	0.031812980376217
51	OTU178	-2.00911482212658	10.6271373415571	0.00168477273907951	0.0394765377098043
52	OTU1308	2.42934295721977	10.1266532701684	0.00225058320615736	0.0512790965680798
53	OTU98	-1.27385687715646	11.2974618452875	0.00227430302770563	0.0512790965680798
54	OTU82	2.88107924351914	9.830787506195	0.00426264348658437	0.0930310288625233
55	OTU140	-3.57386964776958	9.76210202994785	0.00451531353475009	0.0930310288625233
56	OTU1591	-3.57420541036161	9.76230654012632	0.00451531353475009	0.0930310288625233
57	OTU208	-3.57447026761457	9.7626978949682	0.00451531353475009	0.0930310288625233
58	OTU242	-3.58665985359159	9.76998703094505	0.00451531353475009	0.0930310288625233
59	OTU43	-0.845418393889896	12.2121628592616	0.00499298163813588	0.101129034874108
60	OTU64	-1.86571077333196	10.5566523185887	0.00832828226767756	0.160836336437324
61	OTU777	-3.44203941321082	9.71747759555196	0.0087484199735783	0.160836336437324
62	OTU149	-3.44702264143084	9.72052324404555	0.0087484199735783	0.160836336437324
63	OTU263	-3.45461159621259	9.72521555882948	0.0087484199735783	0.160836336437324
64	OTU317	-3.45586582045211	9.72603338547838	0.0087484199735783	0.160836336437324
65	OTU159	-3.57068889386715	9.76020406801026	0.0087484199735783	0.160836336437324
66	OTU45	-1.04515292979681	11.3041090455741	0.00973357000777974	0.176236608474194
67	OTU54	-0.914126861515452	11.3692985276903	0.0128447333693488	0.229096363826445
68	OTU31	-1.23659582451237	11.2092220049568	0.0142255366452939	0.249992886634208
69	OTU213	3.93806667328365	9.60283181968389	0.0170146435706602	0.27476350090458
70	OTU14	-0.486269333073505	14.6887173859072	0.0169289055752109	0.27476350090458
71	OTU116	-1.39695820170175	10.7700748728614	0.0159504658272816	0.27476350090458
72	OTU1277	-3.42980357609249	9.71031789739513	0.0170146435706602	0.27476350090458
73	OTU162	-3.43444186429441	9.71303454733343	0.0170146435706602	0.27476350090458
74	OTU176	-3.44280354860253	9.71796620247036	0.0170146435706602	0.27476350090458
75	OTU48	-1.3137610915495	10.9622315604821	0.017767087156683	0.283088922029815
76	OTU422	1.26459607365305	10.7806255108901	0.0193532631768089	0.304304598635351
77	OTU29	-1.2430969162285	10.9306455620847	0.0236135171789053	0.366469519854439
78	OTU413	3.73380731402711	9.55401308221367	0.0332190660189079	0.46286167034526
79	OTU908	3.24425761007227	9.46360231279422	0.0332190660189079	0.46286167034526
80	OTU202	2.51945133956022	9.55509398400043	0.0332190660189079	0.46286167034526
81	OTU55	-0.669294373971605	12.1580839311374	0.0315636715527419	0.46286167034526
82	OTU164	-1.69601717400437	10.2607041447503	0.0333105469871903	0.46286167034526
83	OTU81	-1.71564379030799	10.2726055854064	0.0333105469871903	0.46286167034526
84	OTU150	-3.14996712821312	9.63049667286751	0.0332190660189079	0.46286167034526
85	OTU170	-3.15296515193647	9.6322679680086	0.0332190660189079	0.46286167034526
86	OTU359	-3.152970329628	9.63223873102875	0.0332190660189079	0.46286167034526
87	OTU34	-0.676181011594368	11.9923605647324	0.0348861347019918	0.47918311458483
88	OTU336	-1.17506342291478	10.8892039767835	0.0359254158932717	0.487850818096132
89	OTU156	2.16222671224661	9.79047409698052	0.043338730522233	0.570846536086203
90	OTU147	-1.49792491663897	10.3646205989198	0.0434703219948489	0.570846536086203
91	OTU215	-1.70344230717329	9.73085860721895	0.0426132714842041	0.570846536086203
92	OTU52	-0.934376066032167	11.0172102363574	0.052027622258793	0.675793571731061
93	OTU113	3.2176357515255	9.45483318692388	0.0651093693970597	0.760801394047454
94	OTU325	3.21598688771314	9.45429970701049	0.0651093693970597	0.760801394047454
95	OTU118	1.4335994446667	9.82907178789564	0.0645536941836753	0.760801394047454
96	OTU47	-0.779804693943664	11.4894954351299	0.0646290835235583	0.760801394047454
97	OTU66	-0.995735233576744	10.5644147148843	0.0655753502819144	0.760801394047454
98	OTU155	-2.79338305152637	9.54273491004204	0.0651093693970597	0.760801394047454
99	OTU351	-2.96861533290909	9.57884169229048	0.0651093693970597	0.760801394047454
100	OTU216	-2.96939621847419	9.57927738023354	0.0651093693970597	0.760801394047454
101	OTU195	-2.96973621499727	9.57948502730442	0.0651093693970597	0.760801394047454
102	OTU165	-2.97852100990449	9.58471251809104	0.0651093693970597	0.760801394047454
103	OTU177	-2.9811086688497	9.58623846884182	0.0651093693970597	0.760801394047454
104	OTU267	1.80994464349079	9.70559209189643	0.0714942776791394	0.813672969776873
105	OTU129	-2.15231677275381	9.86908515498823	0.0714942776791394	0.813672969776873
106	OTU94	-1.27097599439602	10.2507488160015	0.07398735016998	0.834102674086096
107	OTU282	-1.81297218363316	9.75529188269923	0.0748782087502333	0.836256630434848
108	OTU1490	3.20782278378399	9.45164656369659	0.128118436555504	1
109	OTU204	3.2070812363834	9.45140773851225	0.128118436555504	1
110	OTU230	3.2070812363834	9.45140773851225	0.128118436555504	1
111	OTU232	3.2070812363834	9.45140773851225	0.128118436555504	1
112	OTU789	3.2070812363834	9.45140773851225	0.128118436555504	1
113	OTU214	2.8739008663299	9.40657527859475	0.128118436555504	1
114	OTU226	2.85989226694971	9.40198898866898	0.128118436555504	1
115	OTU335	2.85956107256906	9.4018904195234	0.128118436555504	1
116	OTU605	2.85503261319356	9.40044104399424	0.128118436555504	1
117	OTU479	2.85491759890739	9.40040230360541	0.128118436555504	1
118	OTU90	2.8456859741736	9.39738338763197	0.253112033195021	1
119	OTU212	2.8456859741736	9.39738338763197	0.253112033195021	1
120	OTU467	2.8456859741736	9.39738338763197	0.253112033195021	1
121	OTU863	2.8456859741736	9.39738338763197	0.253112033195021	1
122	OTU947	2.8456859741736	9.39738338763197	0.253112033195021	1
123	OTU968	2.8456859741736	9.39738338763197	0.253112033195021	1
124	OTU2305	2.8456859741736	9.39738338763197	0.253112033195021	1
125	OTU471	2.3789029864174	9.34744432573168	0.253112033195021	1
126	OTU306	2.37878694703145	9.34740559107412	0.253112033195021	1
127	OTU311	2.37878694703145	9.34740559107412	0.253112033195021	1
128	OTU610	2.37373156690819	9.34575066608862	0.253112033195021	1
129	OTU1692	2.37199194237718	9.34519486836514	0.253112033195021	1
130	OTU419	2.36953115656083	9.34442025352619	0.253112033195021	1
131	OTU2150	2.36672954297341	9.34346523171294	0.502074688796679	1
132	OTU453	2.36499804898391	9.34291028625703	0.502074688796679	1
133	OTU809	2.36499804898391	9.34291028625703	0.502074688796679	1
134	OTU568	2.36466004294437	9.34281136734449	0.502074688796679	1
135	OTU981	2.36466004294437	9.34281136734449	0.502074688796679	1
136	OTU1453	2.36466004294437	9.34281136734449	0.502074688796679	1
137	OTU157	2.36293090754427	9.34225665369313	0.502074688796679	1
138	OTU888	2.36086655991669	9.34160328835124	0.502074688796679	1
139	OTU1034	2.36086655991669	9.34160328835124	0.502074688796679	1
140	OTU1888	2.36086655991669	9.34160328835124	0.502074688796679	1
141	OTU250	2.36048483247175	9.34148351569626	0.502074688796679	1
142	OTU337	2.36048483247175	9.34148351569626	0.502074688796679	1
143	OTU964	2.36048483247175	9.34148351569626	0.502074688796679	1
144	OTU280	2.36010319959244	9.34136375177205	0.502074688796679	1
145	OTU401	2.36010319959244	9.34136375177205	0.502074688796679	1
146	OTU572	2.36010319959244	9.34136375177205	0.502074688796679	1
147	OTU612	2.36010319959244	9.34136375177205	0.502074688796679	1
148	OTU891	2.36010319959244	9.34136375177205	0.502074688796679	1
149	OTU956	2.36010319959244	9.34136375177205	0.502074688796679	1
150	OTU1081	2.36010319959244	9.34136375177205	0.502074688796679	1
151	OTU1205	2.36010319959244	9.34136375177205	0.502074688796679	1
152	OTU1268	2.36010319959244	9.34136375177205	0.502074688796679	1
153	OTU1292	2.36010319959244	9.34136375177205	0.502074688796679	1
154	OTU1334	2.36010319959244	9.34136375177205	0.502074688796679	1
155	OTU1706	2.36010319959244	9.34136375177205	0.502074688796679	1
156	OTU2044	2.36010319959244	9.34136375177205	0.502074688796679	1
157	OTU2202	2.36010319959244	9.34136375177205	0.502074688796679	1
158	OTU2251	2.36010319959244	9.34136375177205	0.502074688796679	1
159	OTU678	2.24694430119346	9.51069271236392	0.130445600708395	1
160	OTU197	1.94207884874918	9.59792787996933	0.130445600708395	1
161	OTU107	1.93817975298854	9.60339818962272	0.130445600708395	1
162	OTU125	1.87273459906391	9.45318362081234	0.380154705189284	1
163	OTU207	1.86450048700397	9.44828577798481	0.253112033195021	1
164	OTU1352	1.86406693688408	9.45034413290322	0.628092823113571	1
165	OTU104	1.75930893763792	9.69106976581858	0.187805489181336	1
166	OTU677	1.66633019274566	9.78681887493005	0.100990565176851	1
167	OTU184	1.62837691013127	9.2862485644948	0.502074688796679	1
168	OTU289	1.62837691013127	9.2862485644948	0.502074688796679	1
169	OTU462	1.62837691013127	9.2862485644948	0.502074688796679	1
170	OTU507	1.62837691013127	9.2862485644948	0.502074688796679	1
171	OTU676	1.62837691013127	9.2862485644948	0.502074688796679	1
172	OTU712	1.62837691013127	9.2862485644948	0.502074688796679	1
173	OTU919	1.62837691013127	9.2862485644948	0.502074688796679	1
174	OTU1104	1.62837691013127	9.2862485644948	0.502074688796679	1
175	OTU1274	1.62837691013127	9.2862485644948	0.502074688796679	1
176	OTU1610	1.62837691013127	9.2862485644948	0.502074688796679	1
177	OTU17	1.62826131689238	9.28621000211283	0.502074688796679	1
178	OTU174	1.62826131689238	9.28621000211283	0.502074688796679	1
179	OTU236	1.62826131689238	9.28621000211283	0.502074688796679	1
180	OTU327	1.62826131689238	9.28621000211283	0.502074688796679	1
181	OTU555	1.62826131689238	9.28621000211283	0.502074688796679	1
182	OTU748	1.62826131689238	9.28621000211283	0.502074688796679	1
183	OTU1826	1.62826131689238	9.28621000211283	0.502074688796679	1
184	OTU193	1.62309150115588	9.28452197250712	1	1
185	OTU269	1.62309150115588	9.28452197250712	1	1
186	OTU409	1.62309150115588	9.28452197250712	1	1
187	OTU487	1.62309150115588	9.28452197250712	1	1
188	OTU497	1.62309150115588	9.28452197250712	1	1
189	OTU753	1.62309150115588	9.28452197250712	1	1
190	OTU928	1.62309150115588	9.28452197250712	1	1
191	OTU1027	1.62309150115588	9.28452197250712	1	1
192	OTU1042	1.62309150115588	9.28452197250712	1	1
193	OTU1715	1.62309150115588	9.28452197250712	1	1
194	OTU182	1.6213441967277	9.28396719100965	1	1
195	OTU241	1.6213441967277	9.28396719100965	1	1
196	OTU329	1.6213441967277	9.28396719100965	1	1
197	OTU473	1.6213441967277	9.28396719100965	1	1
198	OTU549	1.6213441967277	9.28396719100965	1	1
199	OTU733	1.6213441967277	9.28396719100965	1	1
200	OTU781	1.6213441967277	9.28396719100965	1	1
201	OTU842	1.6213441967277	9.28396719100965	1	1
202	OTU899	1.6213441967277	9.28396719100965	1	1
203	OTU925	1.6213441967277	9.28396719100965	1	1
204	OTU1210	1.6213441967277	9.28396719100965	1	1
205	OTU1408	1.6213441967277	9.28396719100965	1	1
206	OTU1479	1.6213441967277	9.28396719100965	1	1
207	OTU1548	1.6213441967277	9.28396719100965	1	1
208	OTU1621	1.6213441967277	9.28396719100965	1	1
209	OTU1904	1.6213441967277	9.28396719100965	1	1
210	OTU2013	1.6213441967277	9.28396719100965	1	1
211	OTU220	1.61925283675695	9.28331324500495	1	1
212	OTU411	1.61925283675695	9.28331324500495	1	1
213	OTU435	1.61925283675695	9.28331324500495	1	1
214	OTU447	1.61925283675695	9.28331324500495	1	1
215	OTU459	1.61925283675695	9.28331324500495	1	1
216	OTU468	1.61925283675695	9.28331324500495	1	1
217	OTU506	1.61925283675695	9.28331324500495	1	1
218	OTU604	1.61925283675695	9.28331324500495	1	1
219	OTU737	1.61925283675695	9.28331324500495	1	1
220	OTU775	1.61925283675695	9.28331324500495	1	1
221	OTU882	1.61925283675695	9.28331324500495	1	1
222	OTU900	1.61925283675695	9.28331324500495	1	1
223	OTU946	1.61925283675695	9.28331324500495	1	1
224	OTU963	1.61925283675695	9.28331324500495	1	1
225	OTU1133	1.61925283675695	9.28331324500495	1	1
226	OTU1291	1.61925283675695	9.28331324500495	1	1
227	OTU1624	1.61925283675695	9.28331324500495	1	1
228	OTU1679	1.61925283675695	9.28331324500495	1	1
229	OTU1772	1.61925283675695	9.28331324500495	1	1
230	OTU1925	1.61925283675695	9.28331324500495	1	1
231	OTU1991	1.61925283675695	9.28331324500495	1	1
232	OTU2257	1.61925283675695	9.28331324500495	1	1
233	OTU106	1.61886547984935	9.28319330715333	1	1
234	OTU219	1.61886547984935	9.28319330715333	1	1
235	OTU223	1.61886547984935	9.28319330715333	1	1
236	OTU302	1.61886547984935	9.28319330715333	1	1
237	OTU388	1.61886547984935	9.28319330715333	1	1
238	OTU408	1.61886547984935	9.28319330715333	1	1
239	OTU424	1.61886547984935	9.28319330715333	1	1
240	OTU452	1.61886547984935	9.28319330715333	1	1
241	OTU470	1.61886547984935	9.28319330715333	1	1
242	OTU478	1.61886547984935	9.28319330715333	1	1
243	OTU488	1.61886547984935	9.28319330715333	1	1
244	OTU490	1.61886547984935	9.28319330715333	1	1
245	OTU500	1.61886547984935	9.28319330715333	1	1
246	OTU529	1.61886547984935	9.28319330715333	1	1
247	OTU530	1.61886547984935	9.28319330715333	1	1
248	OTU592	1.61886547984935	9.28319330715333	1	1
249	OTU601	1.61886547984935	9.28319330715333	1	1
250	OTU627	1.61886547984935	9.28319330715333	1	1
251	OTU654	1.61886547984935	9.28319330715333	1	1
252	OTU680	1.61886547984935	9.28319330715333	1	1
253	OTU689	1.61886547984935	9.28319330715333	1	1
254	OTU757	1.61886547984935	9.28319330715333	1	1
255	OTU763	1.61886547984935	9.28319330715333	1	1
256	OTU783	1.61886547984935	9.28319330715333	1	1
257	OTU798	1.61886547984935	9.28319330715333	1	1
258	OTU822	1.61886547984935	9.28319330715333	1	1
259	OTU851	1.61886547984935	9.28319330715333	1	1
260	OTU867	1.61886547984935	9.28319330715333	1	1
261	OTU868	1.61886547984935	9.28319330715333	1	1
262	OTU892	1.61886547984935	9.28319330715333	1	1
263	OTU915	1.61886547984935	9.28319330715333	1	1
264	OTU940	1.61886547984935	9.28319330715333	1	1
265	OTU953	1.61886547984935	9.28319330715333	1	1
266	OTU1000	1.61886547984935	9.28319330715333	1	1
267	OTU1002	1.61886547984935	9.28319330715333	1	1
268	OTU1065	1.61886547984935	9.28319330715333	1	1
269	OTU1066	1.61886547984935	9.28319330715333	1	1
270	OTU1071	1.61886547984935	9.28319330715333	1	1
271	OTU1090	1.61886547984935	9.28319330715333	1	1
272	OTU1110	1.61886547984935	9.28319330715333	1	1
273	OTU1112	1.61886547984935	9.28319330715333	1	1
274	OTU1119	1.61886547984935	9.28319330715333	1	1
275	OTU1127	1.61886547984935	9.28319330715333	1	1
276	OTU1199	1.61886547984935	9.28319330715333	1	1
277	OTU1221	1.61886547984935	9.28319330715333	1	1
278	OTU1358	1.61886547984935	9.28319330715333	1	1
279	OTU1369	1.61886547984935	9.28319330715333	1	1
280	OTU1375	1.61886547984935	9.28319330715333	1	1
281	OTU1475	1.61886547984935	9.28319330715333	1	1
282	OTU1476	1.61886547984935	9.28319330715333	1	1
283	OTU1492	1.61886547984935	9.28319330715333	1	1
284	OTU1543	1.61886547984935	9.28319330715333	1	1
285	OTU1670	1.61886547984935	9.28319330715333	1	1
286	OTU1686	1.61886547984935	9.28319330715333	1	1
287	OTU1722	1.61886547984935	9.28319330715333	1	1
288	OTU1727	1.61886547984935	9.28319330715333	1	1
289	OTU1734	1.61886547984935	9.28319330715333	1	1
290	OTU1749	1.61886547984935	9.28319330715333	1	1
291	OTU1791	1.61886547984935	9.28319330715333	1	1
292	OTU1849	1.61886547984935	9.28319330715333	1	1
293	OTU1960	1.61886547984935	9.28319330715333	1	1
294	OTU1999	1.61886547984935	9.28319330715333	1	1
295	OTU2010	1.61886547984935	9.28319330715333	1	1
296	OTU2018	1.61886547984935	9.28319330715333	1	1
297	OTU2028	1.61886547984935	9.28319330715333	1	1
298	OTU2042	1.61886547984935	9.28319330715333	1	1
299	OTU2064	1.61886547984935	9.28319330715333	1	1
300	OTU2066	1.61886547984935	9.28319330715333	1	1
301	OTU2096	1.61886547984935	9.28319330715333	1	1
302	OTU2105	1.61886547984935	9.28319330715333	1	1
303	OTU2167	1.61886547984935	9.28319330715333	1	1
304	OTU2286	1.61886547984935	9.28319330715333	1	1
305	OTU383	1.53604425993004	9.64987422766848	0.187805489181336	1
306	OTU2306	1.52885707941228	9.65066840138761	0.187805489181336	1
307	OTU76	1.46447734145567	9.73183687071299	0.1166671335225	1
308	OTU114	1.38847448063029	9.40291512600628	0.628092823113571	1
309	OTU720	1.38538395662356	9.3999363796991	0.628092823113571	1
310	OTU1739	1.38258938134845	9.39766462326987	0.628092823113571	1
311	OTU354	1.38020611083721	9.39473617309712	0.502074688796679	1
312	OTU603	1.37992521769337	9.39455982685022	0.502074688796679	1
313	OTU2302	1.37990306946826	9.39674706036434	1	1
314	OTU805	1.37873695890586	9.39743808322771	1	1
315	OTU896	1.37700546491635	9.39688394881505	1	1
316	OTU791	1.37610443403912	9.39554119713189	1	1
317	OTU320	1.37592975727785	9.39687952659023	1	1
318	OTU520	1.37575104972332	9.39323615774868	0.502074688796679	1
319	OTU407	1.37564926748528	9.3932930515055	0.502074688796679	1
320	OTU305	1.37455608202842	9.39611224760288	1	1
321	OTU378	1.37251894963206	9.39579309830903	1	1
322	OTU278	1.28527610460917	9.50289961970011	0.380154705189284	1
323	OTU183	1.28346031312903	9.49764053852842	0.628092823113571	1
324	OTU87	1.28179896232818	9.49711045087175	0.628092823113571	1
325	OTU131	1.24650002204114	9.59822386894442	0.459849100236376	1
326	OTU224	1.23656853103013	9.59369902603328	0.459849100236376	1
327	OTU50	1.14316773301302	9.93685033552403	0.437254866861932	1
328	OTU1857	1.11707049470243	10.0833779379702	0.377738261853333	1
329	OTU1517	1.01679954982859	10.2412136588653	0.231243951465035	1
330	OTU69	1.00482091581648	9.9016155888825	0.129824467025781	1
331	OTU117	1.00027261187257	10.1177582902622	0.282512091490168	1
332	OTU70	0.994473380293441	10.1017703656888	0.25508474445229	1
333	OTU75	0.95738488700622	9.89664035184643	0.591171518495532	1
334	OTU397	0.956387704055099	9.81258462727112	0.557962066459476	1
335	OTU132	0.942154673964992	9.72747981854256	0.515832351385966	1
336	OTU111	0.919257609477695	9.64497103513732	0.731017972992202	1
337	OTU123	0.914647140369341	9.63808955356556	0.459849100236376	1
338	OTU44	0.899121340855332	10.5393443086463	0.406935107462255	1
339	OTU171	0.868933335382232	9.54828472733217	0.691342342992215	1
340	OTU362	0.85852934848599	9.55033634234035	1	1
341	OTU790	0.844367858475	10.004745682154	0.349025479153853	1
342	OTU42	0.838931104588729	9.99882439180941	0.316599293927807	1
343	OTU187	0.802094622747682	9.45112018227314	0.628092823113571	1
344	OTU949	0.798867875395968	9.4513090259539	0.628092823113571	1
345	OTU1011	0.795469269859083	9.4446787923268	1	1
346	OTU61	0.761917921359582	10.8383509100484	0.136133922762762	1
347	OTU1909	0.744931008482015	10.4180798460628	0.351970372966524	1
348	OTU1412	0.655915011987262	10.7869878282866	0.2609191221401	1
349	OTU647	0.641434843387222	9.34163492410665	1	1
350	OTU179	0.640151587876631	9.68802354804528	1	1
351	OTU545	0.638739351286766	9.33852380328551	1	1
352	OTU482	0.636992046858589	9.33797047814584	1	1
353	OTU644	0.636992046858589	9.33797047814584	1	1
354	OTU205	0.636890264620545	9.3380277793549	1	1
355	OTU417	0.636890264620545	9.3380277793549	1	1
356	OTU495	0.636890264620545	9.3380277793549	1	1
357	OTU328	0.636265027650725	9.33994771866542	1	1
358	OTU512	0.635098917088321	9.3406416036764	1	1
359	OTU832	0.635098917088321	9.3406416036764	1	1
360	OTU477	0.634900686887838	9.33731871049589	1	1
361	OTU971	0.634743890871245	9.34085587414017	1	1
362	OTU268	0.634517723222549	9.33939395760394	1	1
363	OTU675	0.634513329980239	9.3371992263012	1	1
364	OTU716	0.634513329980239	9.3371992263012	1	1
365	OTU754	0.634513329980239	9.3371992263012	1	1
366	OTU1056	0.634513329980239	9.3371992263012	1	1
367	OTU423	0.634411547742195	9.33725650437693	1	1
368	OTU433	0.634411547742195	9.33725650437693	1	1
369	OTU1676	0.633351612660145	9.3400876211238	1	1
370	OTU502	0.632039006344199	9.33862211441831	1	1
371	OTU355	0.630905226472317	9.33964921850144	1	1
372	OTU318	0.630872895781795	9.33931547716801	1	1
373	OTU664	0.630872895781795	9.33931547716801	1	1
374	OTU740	0.630517869564719	9.33952958348207	1	1
375	OTU460	0.622202016154202	10.1430848309871	0.520577517398082	1
376	OTU105	0.560638338768306	9.59083314962878	0.691342342992215	1
377	OTU83	0.543094494242506	10.9310567353271	0.246538614142122	1
378	OTU85	0.453796627764119	10.4023177357753	0.716119984968902	1
379	OTU65	0.452994194917386	10.0948469613641	0.809867665629083	1
380	OTU222	0.424374582508167	9.72567852730207	1	1
381	OTU26	0.397618230398111	10.9078998594089	0.520665923123734	1
382	OTU307	0.391714178484204	9.50066583317595	1	1
383	OTU201	0.390213721779484	9.49787572756414	1	1
384	OTU234	0.387864659635156	9.49913267896686	1	1
385	OTU364	0.387534592405417	9.49161133511675	1	1
386	OTU370	0.386750347612623	9.49999540059266	1	1
387	OTU37	0.383318059745907	11.7101281626787	0.349209401127178	1
388	OTU126	0.371736466538691	10.3674290262666	0.716119984968902	1
389	OTU130	0.367422473872373	9.85735554874002	0.796393720673664	1
390	OTU218	0.359771138056339	9.85095024926252	0.77986158688221	1
391	OTU18	0.327432135331222	11.7679892175405	0.334710505950703	1
392	OTU363	0.300931449637254	9.6387014156541	1	1
393	OTU121	0.285827483995165	9.63913345155428	1	1
394	OTU122	0.278459229578289	10.3044408913106	1	1
395	OTU101	0.189277891705665	9.99794898997229	1	1
396	OTU145	0.180704992729773	10.1004310725445	0.999999999999999	1
397	OTU62	0.158298891332168	10.1965801347745	0.999999999999999	1
398	OTU95	0.0786068521388127	9.80674278961211	0.999999999999999	1
399	OTU296	0.0710817061390678	9.54058853838034	1	1
400	OTU137	0.0677940098543072	9.54408873983799	1	1
401	OTU2056	0.0658076806821741	9.39214036947475	1	1
402	OTU59	0.0638917480986752	11.1691242259783	1	1
403	OTU503	0.0631451215615696	9.39357287302254	1	1
404	OTU168	0.0612093891151084	9.54415861600932	1	1
405	OTU546	0.0605222717067851	9.39041819157284	1	1
406	OTU146	0.0597853371480286	9.54880687545639	1	1
407	OTU384	0.0563286341150342	9.39127863908504	1	1
408	OTU217	0.056296250400259	9.38909764841661	1	1
409	OTU1653	0.0526942126394929	9.39119818446191	1	1
410	OTU1209	0.0526034797473581	9.39505073750739	1	1
411	OTU906	0.0522412662815891	9.39146783057852	1	1
412	OTU324	0.0505302466246764	9.39633072020904	1	1
413	OTU175	0.0498893240471604	9.39282423504058	1	1
414	OTU391	0.0491365715425795	9.39556369433472	1	1
415	OTU759	0.0491365715425795	9.39556369433472	1	1
416	OTU463	0.0482055422193195	9.39422197371941	1	1
417	OTU492	0.0478181853117211	9.39410261245507	1	1
418	OTU12	0	9.22269749319739	1	1
419	OTU53	0	9.22269749319739	1	1
420	OTU74	0	9.22269749319739	1	1
421	OTU97	0	9.22269749319739	1	1
422	OTU102	0	9.22269749319739	1	1
423	OTU103	0	9.22269749319739	1	1
424	OTU108	0	9.22269749319739	1	1
425	OTU112	0	9.22269749319739	1	1
426	OTU115	0	9.22269749319739	1	1
427	OTU124	0	9.22269749319739	1	1
428	OTU128	0	9.22269749319739	1	1
429	OTU133	0	9.22269749319739	1	1
430	OTU142	0	9.22269749319739	1	1
431	OTU143	0	9.22269749319739	1	1
432	OTU148	0	9.22269749319739	1	1
433	OTU151	0	9.22269749319739	1	1
434	OTU152	0	9.22269749319739	1	1
435	OTU186	0	9.22269749319739	1	1
436	OTU188	0	9.22269749319739	1	1
437	OTU189	0	9.22269749319739	1	1
438	OTU192	0	9.22269749319739	1	1
439	OTU196	0	9.22269749319739	1	1
440	OTU200	0	9.22269749319739	1	1
441	OTU203	0	9.22269749319739	1	1
442	OTU225	0	9.22269749319739	1	1
443	OTU227	0	9.22269749319739	1	1
444	OTU237	0	9.22269749319739	1	1
445	OTU247	0	9.22269749319739	1	1
446	OTU249	0	9.22269749319739	1	1
447	OTU251	0	9.22269749319739	1	1
448	OTU256	0	9.22269749319739	1	1
449	OTU257	0	9.22269749319739	1	1
450	OTU258	0	9.22269749319739	1	1
451	OTU261	0	9.22269749319739	1	1
452	OTU264	0	9.22269749319739	1	1
453	OTU265	0	9.22269749319739	1	1
454	OTU272	0	9.22269749319739	1	1
455	OTU276	0	9.22269749319739	1	1
456	OTU277	0	9.22269749319739	1	1
457	OTU281	0	9.22269749319739	1	1
458	OTU284	0	9.22269749319739	1	1
459	OTU285	0	9.22269749319739	1	1
460	OTU286	0	9.22269749319739	1	1
461	OTU292	0	9.22269749319739	1	1
462	OTU294	0	9.22269749319739	1	1
463	OTU315	0	9.22269749319739	1	1
464	OTU319	0	9.22269749319739	1	1
465	OTU321	0	9.22269749319739	1	1
466	OTU322	0	9.22269749319739	1	1
467	OTU326	0	9.22269749319739	1	1
468	OTU334	0	9.22269749319739	1	1
469	OTU339	0	9.22269749319739	1	1
470	OTU340	0	9.22269749319739	1	1
471	OTU341	0	9.22269749319739	1	1
472	OTU342	0	9.22269749319739	1	1
473	OTU345	0	9.22269749319739	1	1
474	OTU348	0	9.22269749319739	1	1
475	OTU356	0	9.22269749319739	1	1
476	OTU357	0	9.22269749319739	1	1
477	OTU361	0	9.22269749319739	1	1
478	OTU367	0	9.22269749319739	1	1
479	OTU368	0	9.22269749319739	1	1
480	OTU369	0	9.22269749319739	1	1
481	OTU377	0	9.22269749319739	1	1
482	OTU381	0	9.22269749319739	1	1
483	OTU386	0	9.22269749319739	1	1
484	OTU387	0	9.22269749319739	1	1
485	OTU389	0	9.22269749319739	1	1
486	OTU392	0	9.22269749319739	1	1
487	OTU393	0	9.22269749319739	1	1
488	OTU394	0	9.22269749319739	1	1
489	OTU398	0	9.22269749319739	1	1
490	OTU399	0	9.22269749319739	1	1
491	OTU400	0	9.22269749319739	1	1
492	OTU402	0	9.22269749319739	1	1
493	OTU405	0	9.22269749319739	1	1
494	OTU406	0	9.22269749319739	1	1
495	OTU410	0	9.22269749319739	1	1
496	OTU415	0	9.22269749319739	1	1
497	OTU418	0	9.22269749319739	1	1
498	OTU425	0	9.22269749319739	1	1
499	OTU428	0	9.22269749319739	1	1
500	OTU429	0	9.22269749319739	1	1
501	OTU431	0	9.22269749319739	1	1
502	OTU436	0	9.22269749319739	1	1
503	OTU437	0	9.22269749319739	1	1
504	OTU441	0	9.22269749319739	1	1
505	OTU443	0	9.22269749319739	1	1
506	OTU448	0	9.22269749319739	1	1
507	OTU450	0	9.22269749319739	1	1
508	OTU454	0	9.22269749319739	1	1
509	OTU456	0	9.22269749319739	1	1
510	OTU457	0	9.22269749319739	1	1
511	OTU461	0	9.22269749319739	1	1
512	OTU465	0	9.22269749319739	1	1
513	OTU475	0	9.22269749319739	1	1
514	OTU489	0	9.22269749319739	1	1
515	OTU491	0	9.22269749319739	1	1
516	OTU494	0	9.22269749319739	1	1
517	OTU496	0	9.22269749319739	1	1
518	OTU498	0	9.22269749319739	1	1
519	OTU499	0	9.22269749319739	1	1
520	OTU505	0	9.22269749319739	1	1
521	OTU508	0	9.22269749319739	1	1
522	OTU511	0	9.22269749319739	1	1
523	OTU513	0	9.22269749319739	1	1
524	OTU515	0	9.22269749319739	1	1
525	OTU521	0	9.22269749319739	1	1
526	OTU522	0	9.22269749319739	1	1
527	OTU524	0	9.22269749319739	1	1
528	OTU525	0	9.22269749319739	1	1
529	OTU526	0	9.22269749319739	1	1
530	OTU528	0	9.22269749319739	1	1
531	OTU534	0	9.22269749319739	1	1
532	OTU536	0	9.22269749319739	1	1
533	OTU538	0	9.22269749319739	1	1
534	OTU542	0	9.22269749319739	1	1
535	OTU548	0	9.22269749319739	1	1
536	OTU550	0	9.22269749319739	1	1
537	OTU554	0	9.22269749319739	1	1
538	OTU557	0	9.22269749319739	1	1
539	OTU558	0	9.22269749319739	1	1
540	OTU560	0	9.22269749319739	1	1
541	OTU561	0	9.22269749319739	1	1
542	OTU563	0	9.22269749319739	1	1
543	OTU566	0	9.22269749319739	1	1
544	OTU567	0	9.22269749319739	1	1
545	OTU571	0	9.22269749319739	1	1
546	OTU573	0	9.22269749319739	1	1
547	OTU574	0	9.22269749319739	1	1
548	OTU579	0	9.22269749319739	1	1
549	OTU580	0	9.22269749319739	1	1
550	OTU582	0	9.22269749319739	1	1
551	OTU583	0	9.22269749319739	1	1
552	OTU585	0	9.22269749319739	1	1
553	OTU587	0	9.22269749319739	1	1
554	OTU588	0	9.22269749319739	1	1
555	OTU590	0	9.22269749319739	1	1
556	OTU593	0	9.22269749319739	1	1
557	OTU594	0	9.22269749319739	1	1
558	OTU596	0	9.22269749319739	1	1
559	OTU600	0	9.22269749319739	1	1
560	OTU606	0	9.22269749319739	1	1
561	OTU607	0	9.22269749319739	1	1
562	OTU609	0	9.22269749319739	1	1
563	OTU613	0	9.22269749319739	1	1
564	OTU615	0	9.22269749319739	1	1
565	OTU617	0	9.22269749319739	1	1
566	OTU619	0	9.22269749319739	1	1
567	OTU623	0	9.22269749319739	1	1
568	OTU625	0	9.22269749319739	1	1
569	OTU636	0	9.22269749319739	1	1
570	OTU640	0	9.22269749319739	1	1
571	OTU645	0	9.22269749319739	1	1
572	OTU651	0	9.22269749319739	1	1
573	OTU657	0	9.22269749319739	1	1
574	OTU662	0	9.22269749319739	1	1
575	OTU663	0	9.22269749319739	1	1
576	OTU668	0	9.22269749319739	1	1
577	OTU671	0	9.22269749319739	1	1
578	OTU672	0	9.22269749319739	1	1
579	OTU684	0	9.22269749319739	1	1
580	OTU685	0	9.22269749319739	1	1
581	OTU686	0	9.22269749319739	1	1
582	OTU695	0	9.22269749319739	1	1
583	OTU696	0	9.22269749319739	1	1
584	OTU703	0	9.22269749319739	1	1
585	OTU705	0	9.22269749319739	1	1
586	OTU710	0	9.22269749319739	1	1
587	OTU719	0	9.22269749319739	1	1
588	OTU728	0	9.22269749319739	1	1
589	OTU732	0	9.22269749319739	1	1
590	OTU735	0	9.22269749319739	1	1
591	OTU738	0	9.22269749319739	1	1
592	OTU739	0	9.22269749319739	1	1
593	OTU741	0	9.22269749319739	1	1
594	OTU742	0	9.22269749319739	1	1
595	OTU747	0	9.22269749319739	1	1
596	OTU750	0	9.22269749319739	1	1
597	OTU758	0	9.22269749319739	1	1
598	OTU764	0	9.22269749319739	1	1
599	OTU765	0	9.22269749319739	1	1
600	OTU768	0	9.22269749319739	1	1
601	OTU776	0	9.22269749319739	1	1
602	OTU784	0	9.22269749319739	1	1
603	OTU788	0	9.22269749319739	1	1
604	OTU792	0	9.22269749319739	1	1
605	OTU793	0	9.22269749319739	1	1
606	OTU794	0	9.22269749319739	1	1
607	OTU795	0	9.22269749319739	1	1
608	OTU802	0	9.22269749319739	1	1
609	OTU807	0	9.22269749319739	1	1
610	OTU808	0	9.22269749319739	1	1
611	OTU810	0	9.22269749319739	1	1
612	OTU813	0	9.22269749319739	1	1
613	OTU814	0	9.22269749319739	1	1
614	OTU818	0	9.22269749319739	1	1
615	OTU821	0	9.22269749319739	1	1
616	OTU827	0	9.22269749319739	1	1
617	OTU830	0	9.22269749319739	1	1
618	OTU836	0	9.22269749319739	1	1
619	OTU837	0	9.22269749319739	1	1
620	OTU849	0	9.22269749319739	1	1
621	OTU850	0	9.22269749319739	1	1
622	OTU857	0	9.22269749319739	1	1
623	OTU860	0	9.22269749319739	1	1
624	OTU861	0	9.22269749319739	1	1
625	OTU862	0	9.22269749319739	1	1
626	OTU865	0	9.22269749319739	1	1
627	OTU866	0	9.22269749319739	1	1
628	OTU870	0	9.22269749319739	1	1
629	OTU872	0	9.22269749319739	1	1
630	OTU873	0	9.22269749319739	1	1
631	OTU874	0	9.22269749319739	1	1
632	OTU880	0	9.22269749319739	1	1
633	OTU883	0	9.22269749319739	1	1
634	OTU890	0	9.22269749319739	1	1
635	OTU893	0	9.22269749319739	1	1
636	OTU894	0	9.22269749319739	1	1
637	OTU897	0	9.22269749319739	1	1
638	OTU902	0	9.22269749319739	1	1
639	OTU904	0	9.22269749319739	1	1
640	OTU905	0	9.22269749319739	1	1
641	OTU912	0	9.22269749319739	1	1
642	OTU917	0	9.22269749319739	1	1
643	OTU920	0	9.22269749319739	1	1
644	OTU921	0	9.22269749319739	1	1
645	OTU926	0	9.22269749319739	1	1
646	OTU931	0	9.22269749319739	1	1
647	OTU935	0	9.22269749319739	1	1
648	OTU936	0	9.22269749319739	1	1
649	OTU950	0	9.22269749319739	1	1
650	OTU951	0	9.22269749319739	1	1
651	OTU952	0	9.22269749319739	1	1
652	OTU954	0	9.22269749319739	1	1
653	OTU959	0	9.22269749319739	1	1
654	OTU960	0	9.22269749319739	1	1
655	OTU962	0	9.22269749319739	1	1
656	OTU992	0	9.22269749319739	1	1
657	OTU996	0	9.22269749319739	1	1
658	OTU1004	0	9.22269749319739	1	1
659	OTU1005	0	9.22269749319739	1	1
660	OTU1006	0	9.22269749319739	1	1
661	OTU1010	0	9.22269749319739	1	1
662	OTU1017	0	9.22269749319739	1	1
663	OTU1022	0	9.22269749319739	1	1
664	OTU1023	0	9.22269749319739	1	1
665	OTU1024	0	9.22269749319739	1	1
666	OTU1025	0	9.22269749319739	1	1
667	OTU1029	0	9.22269749319739	1	1
668	OTU1033	0	9.22269749319739	1	1
669	OTU1036	0	9.22269749319739	1	1
670	OTU1050	0	9.22269749319739	1	1
671	OTU1054	0	9.22269749319739	1	1
672	OTU1058	0	9.22269749319739	1	1
673	OTU1059	0	9.22269749319739	1	1
674	OTU1060	0	9.22269749319739	1	1
675	OTU1076	0	9.22269749319739	1	1
676	OTU1083	0	9.22269749319739	1	1
677	OTU1087	0	9.22269749319739	1	1
678	OTU1089	0	9.22269749319739	1	1
679	OTU1097	0	9.22269749319739	1	1
680	OTU1102	0	9.22269749319739	1	1
681	OTU1103	0	9.22269749319739	1	1
682	OTU1107	0	9.22269749319739	1	1
683	OTU1114	0	9.22269749319739	1	1
684	OTU1115	0	9.22269749319739	1	1
685	OTU1116	0	9.22269749319739	1	1
686	OTU1131	0	9.22269749319739	1	1
687	OTU1132	0	9.22269749319739	1	1
688	OTU1141	0	9.22269749319739	1	1
689	OTU1144	0	9.22269749319739	1	1
690	OTU1145	0	9.22269749319739	1	1
691	OTU1150	0	9.22269749319739	1	1
692	OTU1151	0	9.22269749319739	1	1
693	OTU1161	0	9.22269749319739	1	1
694	OTU1162	0	9.22269749319739	1	1
695	OTU1168	0	9.22269749319739	1	1
696	OTU1171	0	9.22269749319739	1	1
697	OTU1174	0	9.22269749319739	1	1
698	OTU1176	0	9.22269749319739	1	1
699	OTU1184	0	9.22269749319739	1	1
700	OTU1187	0	9.22269749319739	1	1
701	OTU1195	0	9.22269749319739	1	1
702	OTU1197	0	9.22269749319739	1	1
703	OTU1198	0	9.22269749319739	1	1
704	OTU1212	0	9.22269749319739	1	1
705	OTU1216	0	9.22269749319739	1	1
706	OTU1218	0	9.22269749319739	1	1
707	OTU1227	0	9.22269749319739	1	1
708	OTU1229	0	9.22269749319739	1	1
709	OTU1231	0	9.22269749319739	1	1
710	OTU1232	0	9.22269749319739	1	1
711	OTU1235	0	9.22269749319739	1	1
712	OTU1237	0	9.22269749319739	1	1
713	OTU1238	0	9.22269749319739	1	1
714	OTU1239	0	9.22269749319739	1	1
715	OTU1240	0	9.22269749319739	1	1
716	OTU1244	0	9.22269749319739	1	1
717	OTU1245	0	9.22269749319739	1	1
718	OTU1247	0	9.22269749319739	1	1
719	OTU1248	0	9.22269749319739	1	1
720	OTU1254	0	9.22269749319739	1	1
721	OTU1263	0	9.22269749319739	1	1
722	OTU1264	0	9.22269749319739	1	1
723	OTU1266	0	9.22269749319739	1	1
724	OTU1267	0	9.22269749319739	1	1
725	OTU1273	0	9.22269749319739	1	1
726	OTU1275	0	9.22269749319739	1	1
727	OTU1286	0	9.22269749319739	1	1
728	OTU1293	0	9.22269749319739	1	1
729	OTU1294	0	9.22269749319739	1	1
730	OTU1297	0	9.22269749319739	1	1
731	OTU1298	0	9.22269749319739	1	1
732	OTU1299	0	9.22269749319739	1	1
733	OTU1311	0	9.22269749319739	1	1
734	OTU1314	0	9.22269749319739	1	1
735	OTU1317	0	9.22269749319739	1	1
736	OTU1322	0	9.22269749319739	1	1
737	OTU1327	0	9.22269749319739	1	1
738	OTU1333	0	9.22269749319739	1	1
739	OTU1340	0	9.22269749319739	1	1
740	OTU1344	0	9.22269749319739	1	1
741	OTU1345	0	9.22269749319739	1	1
742	OTU1382	0	9.22269749319739	1	1
743	OTU1383	0	9.22269749319739	1	1
744	OTU1396	0	9.22269749319739	1	1
745	OTU1401	0	9.22269749319739	1	1
746	OTU1405	0	9.22269749319739	1	1
747	OTU1409	0	9.22269749319739	1	1
748	OTU1422	0	9.22269749319739	1	1
749	OTU1424	0	9.22269749319739	1	1
750	OTU1434	0	9.22269749319739	1	1
751	OTU1439	0	9.22269749319739	1	1
752	OTU1448	0	9.22269749319739	1	1
753	OTU1450	0	9.22269749319739	1	1
754	OTU1452	0	9.22269749319739	1	1
755	OTU1461	0	9.22269749319739	1	1
756	OTU1462	0	9.22269749319739	1	1
757	OTU1497	0	9.22269749319739	1	1
758	OTU1499	0	9.22269749319739	1	1
759	OTU1502	0	9.22269749319739	1	1
760	OTU1505	0	9.22269749319739	1	1
761	OTU1506	0	9.22269749319739	1	1
762	OTU1515	0	9.22269749319739	1	1
763	OTU1518	0	9.22269749319739	1	1
764	OTU1526	0	9.22269749319739	1	1
765	OTU1527	0	9.22269749319739	1	1
766	OTU1529	0	9.22269749319739	1	1
767	OTU1537	0	9.22269749319739	1	1
768	OTU1538	0	9.22269749319739	1	1
769	OTU1540	0	9.22269749319739	1	1
770	OTU1547	0	9.22269749319739	1	1
771	OTU1559	0	9.22269749319739	1	1
772	OTU1563	0	9.22269749319739	1	1
773	OTU1569	0	9.22269749319739	1	1
774	OTU1571	0	9.22269749319739	1	1
775	OTU1575	0	9.22269749319739	1	1
776	OTU1578	0	9.22269749319739	1	1
777	OTU1585	0	9.22269749319739	1	1
778	OTU1600	0	9.22269749319739	1	1
779	OTU1604	0	9.22269749319739	1	1
780	OTU1617	0	9.22269749319739	1	1
781	OTU1623	0	9.22269749319739	1	1
782	OTU1632	0	9.22269749319739	1	1
783	OTU1633	0	9.22269749319739	1	1
784	OTU1635	0	9.22269749319739	1	1
785	OTU1636	0	9.22269749319739	1	1
786	OTU1642	0	9.22269749319739	1	1
787	OTU1661	0	9.22269749319739	1	1
788	OTU1690	0	9.22269749319739	1	1
789	OTU1696	0	9.22269749319739	1	1
790	OTU1704	0	9.22269749319739	1	1
791	OTU1710	0	9.22269749319739	1	1
792	OTU1711	0	9.22269749319739	1	1
793	OTU1733	0	9.22269749319739	1	1
794	OTU1752	0	9.22269749319739	1	1
795	OTU1759	0	9.22269749319739	1	1
796	OTU1764	0	9.22269749319739	1	1
797	OTU1766	0	9.22269749319739	1	1
798	OTU1788	0	9.22269749319739	1	1
799	OTU1800	0	9.22269749319739	1	1
800	OTU1808	0	9.22269749319739	1	1
801	OTU1833	0	9.22269749319739	1	1
802	OTU1834	0	9.22269749319739	1	1
803	OTU1841	0	9.22269749319739	1	1
804	OTU1847	0	9.22269749319739	1	1
805	OTU1855	0	9.22269749319739	1	1
806	OTU1860	0	9.22269749319739	1	1
807	OTU1863	0	9.22269749319739	1	1
808	OTU1872	0	9.22269749319739	1	1
809	OTU1876	0	9.22269749319739	1	1
810	OTU1881	0	9.22269749319739	1	1
811	OTU1885	0	9.22269749319739	1	1
812	OTU1892	0	9.22269749319739	1	1
813	OTU1895	0	9.22269749319739	1	1
814	OTU1911	0	9.22269749319739	1	1
815	OTU1933	0	9.22269749319739	1	1
816	OTU1938	0	9.22269749319739	1	1
817	OTU1939	0	9.22269749319739	1	1
818	OTU1942	0	9.22269749319739	1	1
819	OTU1945	0	9.22269749319739	1	1
820	OTU1961	0	9.22269749319739	1	1
821	OTU1964	0	9.22269749319739	1	1
822	OTU1971	0	9.22269749319739	1	1
823	OTU1984	0	9.22269749319739	1	1
824	OTU1988	0	9.22269749319739	1	1
825	OTU1997	0	9.22269749319739	1	1
826	OTU2005	0	9.22269749319739	1	1
827	OTU2014	0	9.22269749319739	1	1
828	OTU2016	0	9.22269749319739	1	1
829	OTU2029	0	9.22269749319739	1	1
830	OTU2031	0	9.22269749319739	1	1
831	OTU2032	0	9.22269749319739	1	1
832	OTU2034	0	9.22269749319739	1	1
833	OTU2040	0	9.22269749319739	1	1
834	OTU2049	0	9.22269749319739	1	1
835	OTU2053	0	9.22269749319739	1	1
836	OTU2054	0	9.22269749319739	1	1
837	OTU2059	0	9.22269749319739	1	1
838	OTU2060	0	9.22269749319739	1	1
839	OTU2065	0	9.22269749319739	1	1
840	OTU2075	0	9.22269749319739	1	1
841	OTU2076	0	9.22269749319739	1	1
842	OTU2087	0	9.22269749319739	1	1
843	OTU2088	0	9.22269749319739	1	1
844	OTU2091	0	9.22269749319739	1	1
845	OTU2130	0	9.22269749319739	1	1
846	OTU2131	0	9.22269749319739	1	1
847	OTU2136	0	9.22269749319739	1	1
848	OTU2148	0	9.22269749319739	1	1
849	OTU2152	0	9.22269749319739	1	1
850	OTU2187	0	9.22269749319739	1	1
851	OTU2188	0	9.22269749319739	1	1
852	OTU2189	0	9.22269749319739	1	1
853	OTU2198	0	9.22269749319739	1	1
854	OTU2199	0	9.22269749319739	1	1
855	OTU2205	0	9.22269749319739	1	1
856	OTU2239	0	9.22269749319739	1	1
857	OTU2247	0	9.22269749319739	1	1
858	OTU2255	0	9.22269749319739	1	1
859	OTU2256	0	9.22269749319739	1	1
860	OTU2258	0	9.22269749319739	1	1
861	OTU2268	0	9.22269749319739	1	1
862	OTU2269	0	9.22269749319739	1	1
863	OTU2270	0	9.22269749319739	1	1
864	OTU2273	0	9.22269749319739	1	1
865	OTU2278	0	9.22269749319739	1	1
866	OTU2289	0	9.22269749319739	1	1
867	OTU2290	0	9.22269749319739	1	1
868	OTU2298	0	9.22269749319739	1	1
869	OTU2304	0	9.22269749319739	1	1
870	OTU2310	0	9.22269749319739	1	1
871	OTU127	-0.0196181873877925	10.0670955875561	1	1
872	OTU1213	-0.022981245103034	10.1555035435294	0.821129286817503	1
873	OTU119	-0.0389601462102001	9.95947349741443	1	1
874	OTU72	-0.0496922990660949	10.4431680566316	1	1
875	OTU5	-0.0504798038690079	14.9479912423634	0.81137914551625	1
876	OTU138	-0.0529842567320563	9.95777702718465	1	1
877	OTU109	-0.074286927692938	9.84403832956292	0.999999999999999	1
878	OTU46	-0.0951707980897302	9.72609131735843	1	1
879	OTU270	-0.119311577246203	9.71687957285194	1	1
880	OTU88	-0.120948220125262	9.7215404002145	1	1
881	OTU57	-0.135697168659456	11.0025679595961	0.700130532569142	1
882	OTU1270	-0.142727813224437	12.0086230767115	0.468598169293589	1
883	OTU60	-0.182630619935958	9.59430117187656	1	1
884	OTU1948	-0.202178953229995	9.58951862106358	0.691342342992215	1
885	OTU51	-0.204819566550799	10.6553823519816	0.641866938221712	1
886	OTU371	-0.208044808541354	9.59654537001884	1	1
887	OTU77	-0.239489645677677	10.3283241669766	0.691497398766134	1
888	OTU27	-0.275853357610667	12.0155119260008	0.299339667389172	1
889	OTU347	-0.349598565588703	9.44488720424551	1	1
890	OTU628	-0.350339680290609	9.44052895366393	1	1
891	OTU1720	-0.350940816181739	9.44567162416361	1	1
892	OTU300	-0.351987770783574	9.43992210874556	1	1
893	OTU379	-0.353289878326068	9.44693986084314	1	1
894	OTU414	-0.354367279933687	9.43909966828552	1	1
895	OTU2	-0.360628758059478	15.1890276587678	0.120019815830055	1
896	OTU169	-0.363036279719622	9.44414540314341	1	1
897	OTU523	-0.368667239958277	9.44759008365691	1	1
898	OTU10	-0.395408570431424	12.243322085176	0.345559590615017	1
899	OTU211	-0.411079799237915	9.63444519262652	1	1
900	OTU199	-0.418171510049074	9.63002322669277	0.691342342992215	1
901	OTU139	-0.423338912959142	9.63695458475649	1	1
902	OTU110	-0.424577715721412	9.63757439135343	1	1
903	OTU135	-0.430269310761335	9.63938426279003	0.691342342992215	1
904	OTU1222	-0.432058593444328	9.64207038550283	0.731017972992202	1
905	OTU1516	-0.438277954007684	9.64201158287815	0.459849100236376	1
906	OTU144	-0.446964381714544	9.95325246221207	0.796393720673664	1
907	OTU153	-0.452004218437439	9.81446510956623	0.77986158688221	1
908	OTU49	-0.478132865833193	9.96539896650073	0.437254866861932	1
909	OTU78	-0.545844037881634	9.98766534890313	0.796393720673664	1
910	OTU255	-0.558761449271261	10.3583559842595	0.330697821375121	1
911	OTU194	-0.600802361236888	9.67645719509792	1	1
912	OTU41	-0.602214716839136	10.1633418959432	0.830728911965134	1
913	OTU161	-0.620635145797096	9.68306117568466	0.731017972992202	1
914	OTU245	-0.624452157975308	9.68196531279943	0.459849100236376	1
915	OTU373	-0.668432291841493	9.48848746241346	0.628092823113571	1
916	OTU56	-0.673793802407516	10.5148583585441	0.159110397206036	1
917	OTU483	-0.674968287429327	9.49072053984211	0.628092823113571	1
918	OTU271	-0.677206118347702	9.49361105578457	0.628092823113571	1
919	OTU504	-0.677538627592937	9.4985870954537	1	1
920	OTU262	-0.68034324816178	9.49389648943673	0.628092823113571	1
921	OTU221	-0.681003843820562	9.49584207324419	0.628092823113571	1
922	OTU298	-0.684622617746674	9.49424238764762	0.628092823113571	1
923	OTU309	-0.686538572234423	9.49578337807366	0.628092823113571	1
924	OTU266	-0.764624706168545	9.71852042265902	0.731017972992202	1
925	OTU86	-0.794463156741978	9.72390304182703	0.297147776582878	1
926	OTU166	-0.929256121323843	10.1238168489174	0.25508474445229	1
927	OTU350	-0.933250168488699	9.53774241133892	0.628092823113571	1
928	OTU172	-0.936469759803033	9.53807934531395	0.628092823113571	1
929	OTU84	-0.936600296144809	10.2717312193946	0.151282229292082	1
930	OTU2260	-0.938571675430331	10.4131240407164	0.0912558059734567	1
931	OTU93	-0.939354778106482	10.2798738797174	0.231243951465035	1
932	OTU622	-0.9429707283597	9.53998982343029	0.628092823113571	1
933	OTU1407	-0.948704364588116	9.54311626938864	0.380154705189284	1
934	OTU532	-0.950320058441667	9.54640812879299	0.380154705189284	1
935	OTU180	-0.951539817463527	9.54484729045695	0.380154705189284	1
936	OTU314	-0.984352149869113	9.27901142946671	1	1
937	OTU316	-0.984352149869113	9.27901142946671	1	1
938	OTU420	-0.984352149869113	9.27901142946671	1	1
939	OTU432	-0.984352149869113	9.27901142946671	1	1
940	OTU440	-0.984352149869113	9.27901142946671	1	1
941	OTU472	-0.984352149869113	9.27901142946671	1	1
942	OTU486	-0.984352149869113	9.27901142946671	1	1
943	OTU501	-0.984352149869113	9.27901142946671	1	1
944	OTU537	-0.984352149869113	9.27901142946671	1	1
945	OTU576	-0.984352149869113	9.27901142946671	1	1
946	OTU690	-0.984352149869113	9.27901142946671	1	1
947	OTU693	-0.984352149869113	9.27901142946671	1	1
948	OTU697	-0.984352149869113	9.27901142946671	1	1
949	OTU766	-0.984352149869113	9.27901142946671	1	1
950	OTU869	-0.984352149869113	9.27901142946671	1	1
951	OTU876	-0.984352149869113	9.27901142946671	1	1
952	OTU903	-0.984352149869113	9.27901142946671	1	1
953	OTU1003	-0.984352149869113	9.27901142946671	1	1
954	OTU1091	-0.984352149869113	9.27901142946671	1	1
955	OTU1155	-0.984352149869113	9.27901142946671	1	1
956	OTU1234	-0.984352149869113	9.27901142946671	1	1
957	OTU1441	-0.984352149869113	9.27901142946671	1	1
958	OTU1443	-0.984352149869113	9.27901142946671	1	1
959	OTU1656	-0.984352149869113	9.27901142946671	1	1
960	OTU2051	-0.984352149869113	9.27901142946671	1	1
961	OTU2083	-0.984352149869113	9.27901142946671	1	1
962	OTU2163	-0.984352149869113	9.27901142946671	1	1
963	OTU2282	-0.984352149869113	9.27901142946671	1	1
964	OTU333	-0.984453932107157	9.27906909536024	1	1
965	OTU375	-0.984453932107157	9.27906909536024	1	1
966	OTU616	-0.984453932107157	9.27906909536024	1	1
967	OTU632	-0.984453932107157	9.27906909536024	1	1
968	OTU666	-0.984453932107157	9.27906909536024	1	1
969	OTU831	-0.984453932107157	9.27906909536024	1	1
970	OTU841	-0.984453932107157	9.27906909536024	1	1
971	OTU878	-0.984453932107157	9.27906909536024	1	1
972	OTU990	-0.984453932107157	9.27906909536024	1	1
973	OTU1037	-0.984453932107157	9.27906909536024	1	1
974	OTU1130	-0.984453932107157	9.27906909536024	1	1
975	OTU1634	-0.984453932107157	9.27906909536024	1	1
976	OTU308	-0.986826473505153	9.28044271899516	1	1
977	OTU312	-0.986826473505153	9.28044271899516	1	1
978	OTU352	-0.986826473505153	9.28044271899516	1	1
979	OTU421	-0.986826473505153	9.28044271899516	1	1
980	OTU427	-0.986826473505153	9.28044271899516	1	1
981	OTU451	-0.986826473505153	9.28044271899516	1	1
982	OTU480	-0.986826473505153	9.28044271899516	1	1
983	OTU493	-0.986826473505153	9.28044271899516	1	1
984	OTU510	-0.986826473505153	9.28044271899516	1	1
985	OTU531	-0.986826473505153	9.28044271899516	1	1
986	OTU556	-0.986826473505153	9.28044271899516	1	1
987	OTU577	-0.986826473505153	9.28044271899516	1	1
988	OTU614	-0.986826473505153	9.28044271899516	1	1
989	OTU646	-0.986826473505153	9.28044271899516	1	1
990	OTU688	-0.986826473505153	9.28044271899516	1	1
991	OTU721	-0.986826473505153	9.28044271899516	1	1
992	OTU724	-0.986826473505153	9.28044271899516	1	1
993	OTU840	-0.986826473505153	9.28044271899516	1	1
994	OTU853	-0.986826473505153	9.28044271899516	1	1
995	OTU1040	-0.986826473505153	9.28044271899516	1	1
996	OTU1088	-0.986826473505153	9.28044271899516	1	1
997	OTU1157	-0.986826473505153	9.28044271899516	1	1
998	OTU1252	-0.986826473505153	9.28044271899516	1	1
999	OTU1390	-0.986826473505153	9.28044271899516	1	1
1000	OTU1519	-0.986826473505153	9.28044271899516	1	1
1001	OTU313	-0.987992584067557	9.28113924527429	1	1
1002	OTU360	-0.987992584067557	9.28113924527429	1	1
1003	OTU374	-0.987992584067557	9.28113924527429	1	1
1004	OTU403	-0.987992584067557	9.28113924527429	1	1
1005	OTU434	-0.987992584067557	9.28113924527429	1	1
1006	OTU474	-0.987992584067557	9.28113924527429	1	1
1007	OTU533	-0.987992584067557	9.28113924527429	1	1
1008	OTU674	-0.987992584067557	9.28113924527429	1	1
1009	OTU1039	-0.987992584067557	9.28113924527429	1	1
1010	OTU1258	-0.987992584067557	9.28113924527429	1	1
1011	OTU1388	-0.987992584067557	9.28113924527429	1	1
1012	OTU1392	-0.987992584067557	9.28113924527429	1	1
1013	OTU1400	-0.987992584067557	9.28113924527429	1	1
1014	OTU240	-0.988347610284633	9.28135420532423	1	1
1015	OTU293	-0.988347610284633	9.28135420532423	1	1
1016	OTU301	-0.988347610284633	9.28135420532423	1	1
1017	OTU353	-0.988347610284633	9.28135420532423	1	1
1018	OTU390	-0.988347610284633	9.28135420532423	1	1
1019	OTU395	-0.988347610284633	9.28135420532423	1	1
1020	OTU438	-0.988347610284633	9.28135420532423	1	1
1021	OTU444	-0.988347610284633	9.28135420532423	1	1
1022	OTU547	-0.988347610284633	9.28135420532423	1	1
1023	OTU581	-0.988347610284633	9.28135420532423	1	1
1024	OTU670	-0.988347610284633	9.28135420532423	1	1
1025	OTU683	-0.988347610284633	9.28135420532423	1	1
1026	OTU852	-0.988347610284633	9.28135420532423	1	1
1027	OTU856	-0.988347610284633	9.28135420532423	1	1
1028	OTU859	-0.988347610284633	9.28135420532423	1	1
1029	OTU877	-0.988347610284633	9.28135420532423	1	1
1030	OTU895	-0.988347610284633	9.28135420532423	1	1
1031	OTU987	-0.988347610284633	9.28135420532423	1	1
1032	OTU1085	-0.988347610284633	9.28135420532423	1	1
1033	OTU1100	-0.988347610284633	9.28135420532423	1	1
1034	OTU1160	-0.988347610284633	9.28135420532423	1	1
1035	OTU1188	-0.988347610284633	9.28135420532423	1	1
1036	OTU1201	-0.988347610284633	9.28135420532423	1	1
1037	OTU1214	-0.988347610284633	9.28135420532423	1	1
1038	OTU1223	-0.988347610284633	9.28135420532423	1	1
1039	OTU1278	-0.988347610284633	9.28135420532423	1	1
1040	OTU1341	-0.988347610284633	9.28135420532423	1	1
1041	OTU1393	-0.988347610284633	9.28135420532423	1	1
1042	OTU1413	-0.988347610284633	9.28135420532423	1	1
1043	OTU1421	-0.988347610284633	9.28135420532423	1	1
1044	OTU1437	-0.988347610284633	9.28135420532423	1	1
1045	OTU1512	-0.988347610284633	9.28135420532423	1	1
1046	OTU1708	-0.988347610284633	9.28135420532423	1	1
1047	OTU1829	-0.988347610284633	9.28135420532423	1	1
1048	OTU1903	-0.988347610284633	9.28135420532423	1	1
1049	OTU2015	-0.988347610284633	9.28135420532423	1	1
1050	OTU248	-0.990428505787117	9.28264229410337	1	1
1051	OTU455	-0.990428505787117	9.28264229410337	1	1
1052	OTU631	-0.990428505787117	9.28264229410337	1	1
1053	OTU743	-0.990428505787117	9.28264229410337	1	1
1054	OTU778	-0.990428505787117	9.28264229410337	1	1
1055	OTU801	-0.990428505787117	9.28264229410337	1	1
1056	OTU913	-0.990428505787117	9.28264229410337	1	1
1057	OTU1015	-0.990428505787117	9.28264229410337	1	1
1058	OTU2299	-0.990428505787117	9.28264229410337	1	1
1059	OTU2308	-0.990428505787117	9.28264229410337	1	1
1060	OTU40	-1.06404151411193	9.79244229885882	0.187805489181336	1
1061	OTU141	-1.12451534579602	10.0168966759831	0.19208274265979	1
1062	OTU299	-1.14510889023079	9.58287013386423	0.691342342992215	1
1063	OTU243	-1.15827497145207	9.58200078782015	0.380154705189284	1
1064	OTU100	-1.19302259521845	9.83519702508686	0.353794985718618	1
1065	OTU481	-1.1959648963017	10.2305378449734	0.130242503507881	1
1066	OTU273	-1.20313531976404	9.83899431614194	0.237128082438128	1
1067	OTU283	-1.21000790645851	9.84330942583847	0.237128082438128	1
1068	OTU191	-1.32553535330097	9.88439620108041	0.155960919149859	1
1069	OTU206	-1.34965498999841	9.62618226202185	0.224560886287818	1
1070	OTU382	-1.35008969484892	9.6264436282634	0.224560886287818	1
1071	OTU253	-1.35701439806822	9.63437366694778	0.459849100236376	1
1072	OTU274	-1.36093250714431	9.6329207432836	0.224560886287818	1
1073	OTU238	-1.41281179191158	9.91612073388178	0.279644215589126	1
1074	OTU228	-1.42744420120935	9.91636045049397	0.155960919149859	1
1075	OTU136	-1.43740693686838	9.91998322335868	0.100990565176851	1
1076	OTU154	-1.51682338818445	9.67673578720376	0.297147776582878	1
1077	OTU291	-1.52830153355367	9.67514856675314	0.130445600708395	1
1078	OTU160	-1.52841665776957	9.67862898067209	0.297147776582878	1
1079	OTU1542	-1.52909251070356	9.67751816521562	0.130445600708395	1
1080	OTU332	-1.53723778911872	9.68008540259314	0.130445600708395	1
1081	OTU540	-1.56256922944909	9.33304360364068	1	1
1082	OTU702	-1.56256922944909	9.33304360364068	1	1
1083	OTU826	-1.56256922944909	9.33304360364068	1	1
1084	OTU973	-1.56256922944909	9.33304360364068	1	1
1085	OTU2121	-1.56256922944909	9.33304360364068	1	1
1086	OTU485	-1.56266970256604	9.33310077009059	1	1
1087	OTU641	-1.56266970256604	9.33310077009059	1	1
1088	OTU744	-1.56266970256604	9.33310077009059	1	1
1089	OTU1370	-1.56277018219977	9.33315793792781	1	1
1090	OTU279	-1.56501556261267	9.33446362962817	1	1
1091	OTU290	-1.56501556261267	9.33446362962817	1	1
1092	OTU365	-1.56501556261267	9.33446362962817	1	1
1093	OTU661	-1.56501556261267	9.33446362962817	1	1
1094	OTU939	-1.56501556261267	9.33446362962817	1	1
1095	OTU2215	-1.56501556261267	9.33446362962817	1	1
1096	OTU287	-1.56511619533081	9.33452083176041	1	1
1097	OTU539	-1.56511619533081	9.33452083176041	1	1
1098	OTU731	-1.56617126720986	9.33515553023376	1	1
1099	OTU796	-1.56617126720986	9.33515553023376	1	1
1100	OTU819	-1.56617126720986	9.33515553023376	1	1
1101	OTU938	-1.56617126720986	9.33515553023376	1	1
1102	OTU275	-1.56627197599705	9.33521275067611	1	1
1103	OTU679	-1.56627197599705	9.33521275067611	1	1
1104	OTU92	-1.5665234815118	9.3353691760951	1	1
1105	OTU484	-1.5665234815118	9.3353691760951	1	1
1106	OTU297	-1.56662421356776	9.33542640231389	1	1
1107	OTU552	-1.56662421356776	9.33542640231389	1	1
1108	OTU749	-1.56662421356776	9.33542640231389	1	1
1109	OTU1055	-1.56662421356776	9.33542640231389	1	1
1110	OTU426	-1.56746580425223	9.33588457237117	0.502074688796679	1
1111	OTU630	-1.56746580425223	9.33588457237117	0.502074688796679	1
1112	OTU752	-1.56746580425223	9.33588457237117	0.502074688796679	1
1113	OTU1384	-1.56746580425223	9.33588457237117	0.502074688796679	1
1114	OTU330	-1.5686233716815	9.33657694266037	1	1
1115	OTU244	-1.5686921245777	9.33670777480531	0.502074688796679	1
1116	OTU185	-1.56897615580219	9.33679073660324	1	1
1117	OTU229	-1.56897615580219	9.33679073660324	1	1
1118	OTU346	-1.56897615580219	9.33679073660324	1	1
1119	OTU518	-1.56897615580219	9.33679073660324	1	1
1120	OTU769	-1.56897615580219	9.33679073660324	1	1
1121	OTU1312	-1.56897615580219	9.33679073660324	1	1
1122	OTU1355	-1.56897615580219	9.33679073660324	1	1
1123	OTU976	-1.56978182694434	9.3372695530416	0.502074688796679	1
1124	OTU323	-1.57013488264092	9.33748342261231	0.502074688796679	1
1125	OTU2252	-1.57013488264092	9.33748342261231	0.502074688796679	1
1126	OTU190	-1.57048802140852	9.33769731599677	0.502074688796679	1
1127	OTU233	-1.57048802140852	9.33769731599677	0.502074688796679	1
1128	OTU445	-1.57048802140852	9.33769731599677	0.502074688796679	1
1129	OTU449	-1.57048802140852	9.33769731599677	0.502074688796679	1
1130	OTU660	-1.57048802140852	9.33769731599677	0.502074688796679	1
1131	OTU1282	-1.57048802140852	9.33769731599677	0.502074688796679	1
1132	OTU412	-1.57104729453763	9.3380729916379	0.502074688796679	1
1133	OTU708	-1.57104729453763	9.3380729916379	0.502074688796679	1
1134	OTU823	-1.57104729453763	9.3380729916379	0.502074688796679	1
1135	OTU303	-1.57220762518512	9.33876614602996	0.502074688796679	1
1136	OTU584	-1.57220762518512	9.33876614602996	0.502074688796679	1
1137	OTU376	-1.5725612545312	9.33898018681577	0.502074688796679	1
1138	OTU629	-1.5725612545312	9.33898018681577	0.502074688796679	1
1139	OTU372	-1.57463738476039	9.34026396920097	0.502074688796679	1
1140	OTU466	-1.57463738476039	9.34026396920097	0.502074688796679	1
1141	OTU667	-1.57463738476039	9.34026396920097	0.502074688796679	1
1142	OTU396	-1.97313355826108	9.38496783873236	0.502074688796679	1
1143	OTU404	-1.97333196751128	9.38508119351757	0.502074688796679	1
1144	OTU653	-1.97333196751128	9.38508119351757	0.502074688796679	1
1145	OTU442	-1.97555264407941	9.38637680899863	0.502074688796679	1
1146	OTU181	-1.97669818234996	9.38706416184622	0.502074688796679	1
1147	OTU338	-1.97669818234996	9.38706416184622	0.502074688796679	1
1148	OTU575	-1.97669818234996	9.38706416184622	0.502074688796679	1
1149	OTU1062	-1.97669818234996	9.38706416184622	0.502074688796679	1
1150	OTU746	-1.97689704262885	9.3871776211606	0.502074688796679	1
1151	OTU439	-1.97714709474496	9.38733324938654	0.502074688796679	1
1152	OTU331	-1.97797547571997	9.38778666762096	0.502074688796679	1
1153	OTU1694	-1.97910255103438	9.38855120197916	0.502074688796679	1
1154	OTU259	-1.97922238814133	9.38853124060526	0.502074688796679	1
1155	OTU288	-1.98027099947846	9.3891625207239	0.502074688796679	1
1156	OTU551	-1.98027099947846	9.3891625207239	0.502074688796679	1
1157	OTU358	-1.98062127569925	9.38937509167762	0.502074688796679	1
1158	OTU380	-1.98163072031028	9.39001936155846	0.502074688796679	1
1159	OTU158	-1.98270118833685	9.3905741818473	0.502074688796679	1
1160	OTU464	-1.98270118833685	9.3905741818473	0.502074688796679	1
1161	OTU714	-1.98305201679923	9.39078689708544	0.502074688796679	1
1162	OTU955	-1.98305201679923	9.39078689708544	0.502074688796679	1
1163	OTU1173	-1.98305201679923	9.39078689708544	0.502074688796679	1
1164	OTU1477	-1.98305201679923	9.39078689708544	0.502074688796679	1
1165	OTU167	-1.98340292621402	9.39099963562227	0.502074688796679	1
1166	OTU1614	-1.98420313728252	9.39147570597281	0.502074688796679	1
1167	OTU589	-1.98626770065998	9.39275310339108	0.502074688796679	1
1168	OTU682	-1.98753271980763	9.39355469742486	0.253112033195021	1
1169	OTU756	-1.98753271980763	9.39355469742486	0.253112033195021	1
1170	OTU163	-2.05648937241716	9.83484185160915	0.1166671335225	1
1171	OTU344	-2.29152379299737	9.43493894028864	0.253112033195021	1
1172	OTU1514	-2.29401445434813	9.43639328631865	0.253112033195021	1
1173	OTU541	-2.29744099709286	9.43849915576801	0.253112033195021	1
1174	OTU446	-2.29744981466336	9.43841935861193	0.253112033195021	1
1175	OTU295	-2.29754814260662	9.43847563900646	0.253112033195021	1
1176	OTU246	-2.2994800570162	9.43963813941204	0.253112033195021	1
1177	OTU771	-2.30019912321285	9.44003100279945	0.253112033195021	1
1178	OTU803	-2.30019912321285	9.44003100279945	0.253112033195021	1
1179	OTU99	-2.30142916051604	9.44085146588071	0.253112033195021	1
1180	OTU210	-2.30178603351238	9.44098287092779	0.253112033195021	1
1181	OTU991	-2.30234635042218	9.44135724323573	0.253112033195021	1
1182	OTU343	-2.30558737360952	9.44322490623478	0.253112033195021	1
1183	OTU231	-2.30673146033781	9.44391002254878	0.253112033195021	1
1184	OTU198	-2.30820567437413	9.44487198580567	0.253112033195021	1
1185	OTU638	-2.3087887631205	9.44518241677367	0.253112033195021	1
1186	OTU430	-2.55426213453741	9.48470586444461	0.253112033195021	1
1187	OTU655	-2.55500037320624	9.48516130933411	0.253112033195021	1
1188	OTU349	-2.55634166964458	9.48592690932959	0.253112033195021	1
1189	OTU544	-2.55861822008414	9.48726024697222	0.128118436555504	1
1190	OTU260	-2.55879209020522	9.48739664440324	0.128118436555504	1
1191	OTU416	-2.560189874627	9.48820553939501	0.253112033195021	1
1192	OTU366	-2.56518039161891	9.49116691106627	0.128118436555504	1
1193	OTU239	-2.56781627294576	9.49271392609987	0.128118436555504	1
1194	OTU134	-2.56929921238006	9.49360567264306	0.128118436555504	1
1195	OTU209	-2.78806956796341	9.53957784811051	0.128118436555504	1
